p cnf 2072 5084
-225 0
-226 0
-227 0
-228 0
-229 0
-230 0
-231 0
-288 0
-289 0
-290 0
-291 0
-292 0
-293 0
-294 0
-351 0
-352 0
-353 0
-354 0
-355 0
-356 0
-357 0
-414 0
-415 0
-416 0
-417 0
-418 0
-419 0
-420 0
-477 0
-478 0
-479 0
-480 0
-481 0
-482 0
-483 0
-540 0
-541 0
-542 0
-543 0
-544 0
-545 0
-546 0
-603 0
-604 0
-605 0
-606 0
-607 0
-608 0
-609 0
-666 0
-667 0
-668 0
-669 0
-670 0
-671 0
-672 0
-231 231 0
-231 231 0
-238 287 0
-287 238 0
-245 343 0
-343 245 0
-252 399 0
-399 252 0
-259 455 0
-455 259 0
-266 511 0
-511 266 0
-273 567 0
-567 273 0
-280 623 0
-623 280 0
-287 238 0
-238 287 0
-294 294 0
-294 294 0
-301 350 0
-350 301 0
-308 406 0
-406 308 0
-315 462 0
-462 315 0
-322 518 0
-518 322 0
-329 574 0
-574 329 0
-336 630 0
-630 336 0
-343 245 0
-245 343 0
-350 301 0
-301 350 0
-357 357 0
-357 357 0
-364 413 0
-413 364 0
-371 469 0
-469 371 0
-378 525 0
-525 378 0
-385 581 0
-581 385 0
-392 637 0
-637 392 0
-399 252 0
-252 399 0
-406 308 0
-308 406 0
-413 364 0
-364 413 0
-420 420 0
-420 420 0
-427 476 0
-476 427 0
-434 532 0
-532 434 0
-441 588 0
-588 441 0
-448 644 0
-644 448 0
-455 259 0
-259 455 0
-462 315 0
-315 462 0
-469 371 0
-371 469 0
-476 427 0
-427 476 0
-483 483 0
-483 483 0
-490 539 0
-539 490 0
-497 595 0
-595 497 0
-504 651 0
-651 504 0
-511 266 0
-266 511 0
-518 322 0
-322 518 0
-525 378 0
-378 525 0
-532 434 0
-434 532 0
-539 490 0
-490 539 0
-546 546 0
-546 546 0
-553 602 0
-602 553 0
-560 658 0
-658 560 0
-567 273 0
-273 567 0
-574 329 0
-329 574 0
-581 385 0
-385 581 0
-588 441 0
-441 588 0
-595 497 0
-497 595 0
-602 553 0
-553 602 0
-609 609 0
-609 609 0
-616 665 0
-665 616 0
-623 280 0
-280 623 0
-630 336 0
-336 630 0
-637 392 0
-392 637 0
-644 448 0
-448 644 0
-651 504 0
-504 651 0
-658 560 0
-560 658 0
-665 616 0
-616 665 0
-672 672 0
-672 672 0
-1 -29 232 0
-1 -57 239 0
-1 -85 246 0
-1 -113 253 0
-1 -141 260 0
-1 -169 267 0
-1 -197 274 0
-29 -1 281 0
-29 -57 295 0
-29 -85 302 0
-29 -113 309 0
-29 -141 316 0
-29 -169 323 0
-29 -197 330 0
-57 -1 337 0
-57 -29 344 0
-57 -85 358 0
-57 -113 365 0
-57 -141 372 0
-57 -169 379 0
-57 -197 386 0
-85 -1 393 0
-85 -29 400 0
-85 -57 407 0
-85 -113 421 0
-85 -141 428 0
-85 -169 435 0
-85 -197 442 0
-113 -1 449 0
-113 -29 456 0
-113 -57 463 0
-113 -85 470 0
-113 -141 484 0
-113 -169 491 0
-113 -197 498 0
-141 -1 505 0
-141 -29 512 0
-141 -57 519 0
-141 -85 526 0
-141 -113 533 0
-141 -169 547 0
-141 -197 554 0
-169 -1 561 0
-169 -29 568 0
-169 -57 575 0
-169 -85 582 0
-169 -113 589 0
-169 -141 596 0
-169 -197 610 0
-197 -1 617 0
-197 -29 624 0
-197 -57 631 0
-197 -85 638 0
-197 -113 645 0
-197 -141 652 0
-197 -169 659 0
-2 -30 232 0
-2 -58 239 0
-2 -86 246 0
-2 -114 253 0
-2 -142 260 0
-2 -170 267 0
-2 -198 274 0
-30 -2 281 0
-30 -58 295 0
-30 -86 302 0
-30 -114 309 0
-30 -142 316 0
-30 -170 323 0
-30 -198 330 0
-58 -2 337 0
-58 -30 344 0
-58 -86 358 0
-58 -114 365 0
-58 -142 372 0
-58 -170 379 0
-58 -198 386 0
-86 -2 393 0
-86 -30 400 0
-86 -58 407 0
-86 -114 421 0
-86 -142 428 0
-86 -170 435 0
-86 -198 442 0
-114 -2 449 0
-114 -30 456 0
-114 -58 463 0
-114 -86 470 0
-114 -142 484 0
-114 -170 491 0
-114 -198 498 0
-142 -2 505 0
-142 -30 512 0
-142 -58 519 0
-142 -86 526 0
-142 -114 533 0
-142 -170 547 0
-142 -198 554 0
-170 -2 561 0
-170 -30 568 0
-170 -58 575 0
-170 -86 582 0
-170 -114 589 0
-170 -142 596 0
-170 -198 610 0
-198 -2 617 0
-198 -30 624 0
-198 -58 631 0
-198 -86 638 0
-198 -114 645 0
-198 -142 652 0
-198 -170 659 0
-3 -31 232 0
-3 -59 239 0
-3 -87 246 0
-3 -115 253 0
-3 -143 260 0
-3 -171 267 0
-3 -199 274 0
-31 -3 281 0
-31 -59 295 0
-31 -87 302 0
-31 -115 309 0
-31 -143 316 0
-31 -171 323 0
-31 -199 330 0
-59 -3 337 0
-59 -31 344 0
-59 -87 358 0
-59 -115 365 0
-59 -143 372 0
-59 -171 379 0
-59 -199 386 0
-87 -3 393 0
-87 -31 400 0
-87 -59 407 0
-87 -115 421 0
-87 -143 428 0
-87 -171 435 0
-87 -199 442 0
-115 -3 449 0
-115 -31 456 0
-115 -59 463 0
-115 -87 470 0
-115 -143 484 0
-115 -171 491 0
-115 -199 498 0
-143 -3 505 0
-143 -31 512 0
-143 -59 519 0
-143 -87 526 0
-143 -115 533 0
-143 -171 547 0
-143 -199 554 0
-171 -3 561 0
-171 -31 568 0
-171 -59 575 0
-171 -87 582 0
-171 -115 589 0
-171 -143 596 0
-171 -199 610 0
-199 -3 617 0
-199 -31 624 0
-199 -59 631 0
-199 -87 638 0
-199 -115 645 0
-199 -143 652 0
-199 -171 659 0
-4 -32 232 0
-4 -60 239 0
-4 -88 246 0
-4 -116 253 0
-4 -144 260 0
-4 -172 267 0
-4 -200 274 0
-32 -4 281 0
-32 -60 295 0
-32 -88 302 0
-32 -116 309 0
-32 -144 316 0
-32 -172 323 0
-32 -200 330 0
-60 -4 337 0
-60 -32 344 0
-60 -88 358 0
-60 -116 365 0
-60 -144 372 0
-60 -172 379 0
-60 -200 386 0
-88 -4 393 0
-88 -32 400 0
-88 -60 407 0
-88 -116 421 0
-88 -144 428 0
-88 -172 435 0
-88 -200 442 0
-116 -4 449 0
-116 -32 456 0
-116 -60 463 0
-116 -88 470 0
-116 -144 484 0
-116 -172 491 0
-116 -200 498 0
-144 -4 505 0
-144 -32 512 0
-144 -60 519 0
-144 -88 526 0
-144 -116 533 0
-144 -172 547 0
-144 -200 554 0
-172 -4 561 0
-172 -32 568 0
-172 -60 575 0
-172 -88 582 0
-172 -116 589 0
-172 -144 596 0
-172 -200 610 0
-200 -4 617 0
-200 -32 624 0
-200 -60 631 0
-200 -88 638 0
-200 -116 645 0
-200 -144 652 0
-200 -172 659 0
-5 -33 233 0
-5 -61 240 0
-5 -89 247 0
-5 -117 254 0
-5 -145 261 0
-5 -173 268 0
-5 -201 275 0
-33 -5 282 0
-33 -61 296 0
-33 -89 303 0
-33 -117 310 0
-33 -145 317 0
-33 -173 324 0
-33 -201 331 0
-61 -5 338 0
-61 -33 345 0
-61 -89 359 0
-61 -117 366 0
-61 -145 373 0
-61 -173 380 0
-61 -201 387 0
-89 -5 394 0
-89 -33 401 0
-89 -61 408 0
-89 -117 422 0
-89 -145 429 0
-89 -173 436 0
-89 -201 443 0
-117 -5 450 0
-117 -33 457 0
-117 -61 464 0
-117 -89 471 0
-117 -145 485 0
-117 -173 492 0
-117 -201 499 0
-145 -5 506 0
-145 -33 513 0
-145 -61 520 0
-145 -89 527 0
-145 -117 534 0
-145 -173 548 0
-145 -201 555 0
-173 -5 562 0
-173 -33 569 0
-173 -61 576 0
-173 -89 583 0
-173 -117 590 0
-173 -145 597 0
-173 -201 611 0
-201 -5 618 0
-201 -33 625 0
-201 -61 632 0
-201 -89 639 0
-201 -117 646 0
-201 -145 653 0
-201 -173 660 0
-6 -34 233 0
-6 -62 240 0
-6 -90 247 0
-6 -118 254 0
-6 -146 261 0
-6 -174 268 0
-6 -202 275 0
-34 -6 282 0
-34 -62 296 0
-34 -90 303 0
-34 -118 310 0
-34 -146 317 0
-34 -174 324 0
-34 -202 331 0
-62 -6 338 0
-62 -34 345 0
-62 -90 359 0
-62 -118 366 0
-62 -146 373 0
-62 -174 380 0
-62 -202 387 0
-90 -6 394 0
-90 -34 401 0
-90 -62 408 0
-90 -118 422 0
-90 -146 429 0
-90 -174 436 0
-90 -202 443 0
-118 -6 450 0
-118 -34 457 0
-118 -62 464 0
-118 -90 471 0
-118 -146 485 0
-118 -174 492 0
-118 -202 499 0
-146 -6 506 0
-146 -34 513 0
-146 -62 520 0
-146 -90 527 0
-146 -118 534 0
-146 -174 548 0
-146 -202 555 0
-174 -6 562 0
-174 -34 569 0
-174 -62 576 0
-174 -90 583 0
-174 -118 590 0
-174 -146 597 0
-174 -202 611 0
-202 -6 618 0
-202 -34 625 0
-202 -62 632 0
-202 -90 639 0
-202 -118 646 0
-202 -146 653 0
-202 -174 660 0
-7 -35 233 0
-7 -63 240 0
-7 -91 247 0
-7 -119 254 0
-7 -147 261 0
-7 -175 268 0
-7 -203 275 0
-35 -7 282 0
-35 -63 296 0
-35 -91 303 0
-35 -119 310 0
-35 -147 317 0
-35 -175 324 0
-35 -203 331 0
-63 -7 338 0
-63 -35 345 0
-63 -91 359 0
-63 -119 366 0
-63 -147 373 0
-63 -175 380 0
-63 -203 387 0
-91 -7 394 0
-91 -35 401 0
-91 -63 408 0
-91 -119 422 0
-91 -147 429 0
-91 -175 436 0
-91 -203 443 0
-119 -7 450 0
-119 -35 457 0
-119 -63 464 0
-119 -91 471 0
-119 -147 485 0
-119 -175 492 0
-119 -203 499 0
-147 -7 506 0
-147 -35 513 0
-147 -63 520 0
-147 -91 527 0
-147 -119 534 0
-147 -175 548 0
-147 -203 555 0
-175 -7 562 0
-175 -35 569 0
-175 -63 576 0
-175 -91 583 0
-175 -119 590 0
-175 -147 597 0
-175 -203 611 0
-203 -7 618 0
-203 -35 625 0
-203 -63 632 0
-203 -91 639 0
-203 -119 646 0
-203 -147 653 0
-203 -175 660 0
-8 -36 233 0
-8 -64 240 0
-8 -92 247 0
-8 -120 254 0
-8 -148 261 0
-8 -176 268 0
-8 -204 275 0
-36 -8 282 0
-36 -64 296 0
-36 -92 303 0
-36 -120 310 0
-36 -148 317 0
-36 -176 324 0
-36 -204 331 0
-64 -8 338 0
-64 -36 345 0
-64 -92 359 0
-64 -120 366 0
-64 -148 373 0
-64 -176 380 0
-64 -204 387 0
-92 -8 394 0
-92 -36 401 0
-92 -64 408 0
-92 -120 422 0
-92 -148 429 0
-92 -176 436 0
-92 -204 443 0
-120 -8 450 0
-120 -36 457 0
-120 -64 464 0
-120 -92 471 0
-120 -148 485 0
-120 -176 492 0
-120 -204 499 0
-148 -8 506 0
-148 -36 513 0
-148 -64 520 0
-148 -92 527 0
-148 -120 534 0
-148 -176 548 0
-148 -204 555 0
-176 -8 562 0
-176 -36 569 0
-176 -64 576 0
-176 -92 583 0
-176 -120 590 0
-176 -148 597 0
-176 -204 611 0
-204 -8 618 0
-204 -36 625 0
-204 -64 632 0
-204 -92 639 0
-204 -120 646 0
-204 -148 653 0
-204 -176 660 0
-9 -37 234 0
-9 -65 241 0
-9 -93 248 0
-9 -121 255 0
-9 -149 262 0
-9 -177 269 0
-9 -205 276 0
-37 -9 283 0
-37 -65 297 0
-37 -93 304 0
-37 -121 311 0
-37 -149 318 0
-37 -177 325 0
-37 -205 332 0
-65 -9 339 0
-65 -37 346 0
-65 -93 360 0
-65 -121 367 0
-65 -149 374 0
-65 -177 381 0
-65 -205 388 0
-93 -9 395 0
-93 -37 402 0
-93 -65 409 0
-93 -121 423 0
-93 -149 430 0
-93 -177 437 0
-93 -205 444 0
-121 -9 451 0
-121 -37 458 0
-121 -65 465 0
-121 -93 472 0
-121 -149 486 0
-121 -177 493 0
-121 -205 500 0
-149 -9 507 0
-149 -37 514 0
-149 -65 521 0
-149 -93 528 0
-149 -121 535 0
-149 -177 549 0
-149 -205 556 0
-177 -9 563 0
-177 -37 570 0
-177 -65 577 0
-177 -93 584 0
-177 -121 591 0
-177 -149 598 0
-177 -205 612 0
-205 -9 619 0
-205 -37 626 0
-205 -65 633 0
-205 -93 640 0
-205 -121 647 0
-205 -149 654 0
-205 -177 661 0
-10 -38 234 0
-10 -66 241 0
-10 -94 248 0
-10 -122 255 0
-10 -150 262 0
-10 -178 269 0
-10 -206 276 0
-38 -10 283 0
-38 -66 297 0
-38 -94 304 0
-38 -122 311 0
-38 -150 318 0
-38 -178 325 0
-38 -206 332 0
-66 -10 339 0
-66 -38 346 0
-66 -94 360 0
-66 -122 367 0
-66 -150 374 0
-66 -178 381 0
-66 -206 388 0
-94 -10 395 0
-94 -38 402 0
-94 -66 409 0
-94 -122 423 0
-94 -150 430 0
-94 -178 437 0
-94 -206 444 0
-122 -10 451 0
-122 -38 458 0
-122 -66 465 0
-122 -94 472 0
-122 -150 486 0
-122 -178 493 0
-122 -206 500 0
-150 -10 507 0
-150 -38 514 0
-150 -66 521 0
-150 -94 528 0
-150 -122 535 0
-150 -178 549 0
-150 -206 556 0
-178 -10 563 0
-178 -38 570 0
-178 -66 577 0
-178 -94 584 0
-178 -122 591 0
-178 -150 598 0
-178 -206 612 0
-206 -10 619 0
-206 -38 626 0
-206 -66 633 0
-206 -94 640 0
-206 -122 647 0
-206 -150 654 0
-206 -178 661 0
-11 -39 234 0
-11 -67 241 0
-11 -95 248 0
-11 -123 255 0
-11 -151 262 0
-11 -179 269 0
-11 -207 276 0
-39 -11 283 0
-39 -67 297 0
-39 -95 304 0
-39 -123 311 0
-39 -151 318 0
-39 -179 325 0
-39 -207 332 0
-67 -11 339 0
-67 -39 346 0
-67 -95 360 0
-67 -123 367 0
-67 -151 374 0
-67 -179 381 0
-67 -207 388 0
-95 -11 395 0
-95 -39 402 0
-95 -67 409 0
-95 -123 423 0
-95 -151 430 0
-95 -179 437 0
-95 -207 444 0
-123 -11 451 0
-123 -39 458 0
-123 -67 465 0
-123 -95 472 0
-123 -151 486 0
-123 -179 493 0
-123 -207 500 0
-151 -11 507 0
-151 -39 514 0
-151 -67 521 0
-151 -95 528 0
-151 -123 535 0
-151 -179 549 0
-151 -207 556 0
-179 -11 563 0
-179 -39 570 0
-179 -67 577 0
-179 -95 584 0
-179 -123 591 0
-179 -151 598 0
-179 -207 612 0
-207 -11 619 0
-207 -39 626 0
-207 -67 633 0
-207 -95 640 0
-207 -123 647 0
-207 -151 654 0
-207 -179 661 0
-12 -40 234 0
-12 -68 241 0
-12 -96 248 0
-12 -124 255 0
-12 -152 262 0
-12 -180 269 0
-12 -208 276 0
-40 -12 283 0
-40 -68 297 0
-40 -96 304 0
-40 -124 311 0
-40 -152 318 0
-40 -180 325 0
-40 -208 332 0
-68 -12 339 0
-68 -40 346 0
-68 -96 360 0
-68 -124 367 0
-68 -152 374 0
-68 -180 381 0
-68 -208 388 0
-96 -12 395 0
-96 -40 402 0
-96 -68 409 0
-96 -124 423 0
-96 -152 430 0
-96 -180 437 0
-96 -208 444 0
-124 -12 451 0
-124 -40 458 0
-124 -68 465 0
-124 -96 472 0
-124 -152 486 0
-124 -180 493 0
-124 -208 500 0
-152 -12 507 0
-152 -40 514 0
-152 -68 521 0
-152 -96 528 0
-152 -124 535 0
-152 -180 549 0
-152 -208 556 0
-180 -12 563 0
-180 -40 570 0
-180 -68 577 0
-180 -96 584 0
-180 -124 591 0
-180 -152 598 0
-180 -208 612 0
-208 -12 619 0
-208 -40 626 0
-208 -68 633 0
-208 -96 640 0
-208 -124 647 0
-208 -152 654 0
-208 -180 661 0
-13 -41 235 0
-13 -69 242 0
-13 -97 249 0
-13 -125 256 0
-13 -153 263 0
-13 -181 270 0
-13 -209 277 0
-41 -13 284 0
-41 -69 298 0
-41 -97 305 0
-41 -125 312 0
-41 -153 319 0
-41 -181 326 0
-41 -209 333 0
-69 -13 340 0
-69 -41 347 0
-69 -97 361 0
-69 -125 368 0
-69 -153 375 0
-69 -181 382 0
-69 -209 389 0
-97 -13 396 0
-97 -41 403 0
-97 -69 410 0
-97 -125 424 0
-97 -153 431 0
-97 -181 438 0
-97 -209 445 0
-125 -13 452 0
-125 -41 459 0
-125 -69 466 0
-125 -97 473 0
-125 -153 487 0
-125 -181 494 0
-125 -209 501 0
-153 -13 508 0
-153 -41 515 0
-153 -69 522 0
-153 -97 529 0
-153 -125 536 0
-153 -181 550 0
-153 -209 557 0
-181 -13 564 0
-181 -41 571 0
-181 -69 578 0
-181 -97 585 0
-181 -125 592 0
-181 -153 599 0
-181 -209 613 0
-209 -13 620 0
-209 -41 627 0
-209 -69 634 0
-209 -97 641 0
-209 -125 648 0
-209 -153 655 0
-209 -181 662 0
-14 -42 235 0
-14 -70 242 0
-14 -98 249 0
-14 -126 256 0
-14 -154 263 0
-14 -182 270 0
-14 -210 277 0
-42 -14 284 0
-42 -70 298 0
-42 -98 305 0
-42 -126 312 0
-42 -154 319 0
-42 -182 326 0
-42 -210 333 0
-70 -14 340 0
-70 -42 347 0
-70 -98 361 0
-70 -126 368 0
-70 -154 375 0
-70 -182 382 0
-70 -210 389 0
-98 -14 396 0
-98 -42 403 0
-98 -70 410 0
-98 -126 424 0
-98 -154 431 0
-98 -182 438 0
-98 -210 445 0
-126 -14 452 0
-126 -42 459 0
-126 -70 466 0
-126 -98 473 0
-126 -154 487 0
-126 -182 494 0
-126 -210 501 0
-154 -14 508 0
-154 -42 515 0
-154 -70 522 0
-154 -98 529 0
-154 -126 536 0
-154 -182 550 0
-154 -210 557 0
-182 -14 564 0
-182 -42 571 0
-182 -70 578 0
-182 -98 585 0
-182 -126 592 0
-182 -154 599 0
-182 -210 613 0
-210 -14 620 0
-210 -42 627 0
-210 -70 634 0
-210 -98 641 0
-210 -126 648 0
-210 -154 655 0
-210 -182 662 0
-15 -43 235 0
-15 -71 242 0
-15 -99 249 0
-15 -127 256 0
-15 -155 263 0
-15 -183 270 0
-15 -211 277 0
-43 -15 284 0
-43 -71 298 0
-43 -99 305 0
-43 -127 312 0
-43 -155 319 0
-43 -183 326 0
-43 -211 333 0
-71 -15 340 0
-71 -43 347 0
-71 -99 361 0
-71 -127 368 0
-71 -155 375 0
-71 -183 382 0
-71 -211 389 0
-99 -15 396 0
-99 -43 403 0
-99 -71 410 0
-99 -127 424 0
-99 -155 431 0
-99 -183 438 0
-99 -211 445 0
-127 -15 452 0
-127 -43 459 0
-127 -71 466 0
-127 -99 473 0
-127 -155 487 0
-127 -183 494 0
-127 -211 501 0
-155 -15 508 0
-155 -43 515 0
-155 -71 522 0
-155 -99 529 0
-155 -127 536 0
-155 -183 550 0
-155 -211 557 0
-183 -15 564 0
-183 -43 571 0
-183 -71 578 0
-183 -99 585 0
-183 -127 592 0
-183 -155 599 0
-183 -211 613 0
-211 -15 620 0
-211 -43 627 0
-211 -71 634 0
-211 -99 641 0
-211 -127 648 0
-211 -155 655 0
-211 -183 662 0
-16 -44 235 0
-16 -72 242 0
-16 -100 249 0
-16 -128 256 0
-16 -156 263 0
-16 -184 270 0
-16 -212 277 0
-44 -16 284 0
-44 -72 298 0
-44 -100 305 0
-44 -128 312 0
-44 -156 319 0
-44 -184 326 0
-44 -212 333 0
-72 -16 340 0
-72 -44 347 0
-72 -100 361 0
-72 -128 368 0
-72 -156 375 0
-72 -184 382 0
-72 -212 389 0
-100 -16 396 0
-100 -44 403 0
-100 -72 410 0
-100 -128 424 0
-100 -156 431 0
-100 -184 438 0
-100 -212 445 0
-128 -16 452 0
-128 -44 459 0
-128 -72 466 0
-128 -100 473 0
-128 -156 487 0
-128 -184 494 0
-128 -212 501 0
-156 -16 508 0
-156 -44 515 0
-156 -72 522 0
-156 -100 529 0
-156 -128 536 0
-156 -184 550 0
-156 -212 557 0
-184 -16 564 0
-184 -44 571 0
-184 -72 578 0
-184 -100 585 0
-184 -128 592 0
-184 -156 599 0
-184 -212 613 0
-212 -16 620 0
-212 -44 627 0
-212 -72 634 0
-212 -100 641 0
-212 -128 648 0
-212 -156 655 0
-212 -184 662 0
-17 -45 236 0
-17 -73 243 0
-17 -101 250 0
-17 -129 257 0
-17 -157 264 0
-17 -185 271 0
-17 -213 278 0
-45 -17 285 0
-45 -73 299 0
-45 -101 306 0
-45 -129 313 0
-45 -157 320 0
-45 -185 327 0
-45 -213 334 0
-73 -17 341 0
-73 -45 348 0
-73 -101 362 0
-73 -129 369 0
-73 -157 376 0
-73 -185 383 0
-73 -213 390 0
-101 -17 397 0
-101 -45 404 0
-101 -73 411 0
-101 -129 425 0
-101 -157 432 0
-101 -185 439 0
-101 -213 446 0
-129 -17 453 0
-129 -45 460 0
-129 -73 467 0
-129 -101 474 0
-129 -157 488 0
-129 -185 495 0
-129 -213 502 0
-157 -17 509 0
-157 -45 516 0
-157 -73 523 0
-157 -101 530 0
-157 -129 537 0
-157 -185 551 0
-157 -213 558 0
-185 -17 565 0
-185 -45 572 0
-185 -73 579 0
-185 -101 586 0
-185 -129 593 0
-185 -157 600 0
-185 -213 614 0
-213 -17 621 0
-213 -45 628 0
-213 -73 635 0
-213 -101 642 0
-213 -129 649 0
-213 -157 656 0
-213 -185 663 0
-18 -46 236 0
-18 -74 243 0
-18 -102 250 0
-18 -130 257 0
-18 -158 264 0
-18 -186 271 0
-18 -214 278 0
-46 -18 285 0
-46 -74 299 0
-46 -102 306 0
-46 -130 313 0
-46 -158 320 0
-46 -186 327 0
-46 -214 334 0
-74 -18 341 0
-74 -46 348 0
-74 -102 362 0
-74 -130 369 0
-74 -158 376 0
-74 -186 383 0
-74 -214 390 0
-102 -18 397 0
-102 -46 404 0
-102 -74 411 0
-102 -130 425 0
-102 -158 432 0
-102 -186 439 0
-102 -214 446 0
-130 -18 453 0
-130 -46 460 0
-130 -74 467 0
-130 -102 474 0
-130 -158 488 0
-130 -186 495 0
-130 -214 502 0
-158 -18 509 0
-158 -46 516 0
-158 -74 523 0
-158 -102 530 0
-158 -130 537 0
-158 -186 551 0
-158 -214 558 0
-186 -18 565 0
-186 -46 572 0
-186 -74 579 0
-186 -102 586 0
-186 -130 593 0
-186 -158 600 0
-186 -214 614 0
-214 -18 621 0
-214 -46 628 0
-214 -74 635 0
-214 -102 642 0
-214 -130 649 0
-214 -158 656 0
-214 -186 663 0
-19 -47 236 0
-19 -75 243 0
-19 -103 250 0
-19 -131 257 0
-19 -159 264 0
-19 -187 271 0
-19 -215 278 0
-47 -19 285 0
-47 -75 299 0
-47 -103 306 0
-47 -131 313 0
-47 -159 320 0
-47 -187 327 0
-47 -215 334 0
-75 -19 341 0
-75 -47 348 0
-75 -103 362 0
-75 -131 369 0
-75 -159 376 0
-75 -187 383 0
-75 -215 390 0
-103 -19 397 0
-103 -47 404 0
-103 -75 411 0
-103 -131 425 0
-103 -159 432 0
-103 -187 439 0
-103 -215 446 0
-131 -19 453 0
-131 -47 460 0
-131 -75 467 0
-131 -103 474 0
-131 -159 488 0
-131 -187 495 0
-131 -215 502 0
-159 -19 509 0
-159 -47 516 0
-159 -75 523 0
-159 -103 530 0
-159 -131 537 0
-159 -187 551 0
-159 -215 558 0
-187 -19 565 0
-187 -47 572 0
-187 -75 579 0
-187 -103 586 0
-187 -131 593 0
-187 -159 600 0
-187 -215 614 0
-215 -19 621 0
-215 -47 628 0
-215 -75 635 0
-215 -103 642 0
-215 -131 649 0
-215 -159 656 0
-215 -187 663 0
-20 -48 236 0
-20 -76 243 0
-20 -104 250 0
-20 -132 257 0
-20 -160 264 0
-20 -188 271 0
-20 -216 278 0
-48 -20 285 0
-48 -76 299 0
-48 -104 306 0
-48 -132 313 0
-48 -160 320 0
-48 -188 327 0
-48 -216 334 0
-76 -20 341 0
-76 -48 348 0
-76 -104 362 0
-76 -132 369 0
-76 -160 376 0
-76 -188 383 0
-76 -216 390 0
-104 -20 397 0
-104 -48 404 0
-104 -76 411 0
-104 -132 425 0
-104 -160 432 0
-104 -188 439 0
-104 -216 446 0
-132 -20 453 0
-132 -48 460 0
-132 -76 467 0
-132 -104 474 0
-132 -160 488 0
-132 -188 495 0
-132 -216 502 0
-160 -20 509 0
-160 -48 516 0
-160 -76 523 0
-160 -104 530 0
-160 -132 537 0
-160 -188 551 0
-160 -216 558 0
-188 -20 565 0
-188 -48 572 0
-188 -76 579 0
-188 -104 586 0
-188 -132 593 0
-188 -160 600 0
-188 -216 614 0
-216 -20 621 0
-216 -48 628 0
-216 -76 635 0
-216 -104 642 0
-216 -132 649 0
-216 -160 656 0
-216 -188 663 0
-21 -49 237 0
-21 -77 244 0
-21 -105 251 0
-21 -133 258 0
-21 -161 265 0
-21 -189 272 0
-21 -217 279 0
-49 -21 286 0
-49 -77 300 0
-49 -105 307 0
-49 -133 314 0
-49 -161 321 0
-49 -189 328 0
-49 -217 335 0
-77 -21 342 0
-77 -49 349 0
-77 -105 363 0
-77 -133 370 0
-77 -161 377 0
-77 -189 384 0
-77 -217 391 0
-105 -21 398 0
-105 -49 405 0
-105 -77 412 0
-105 -133 426 0
-105 -161 433 0
-105 -189 440 0
-105 -217 447 0
-133 -21 454 0
-133 -49 461 0
-133 -77 468 0
-133 -105 475 0
-133 -161 489 0
-133 -189 496 0
-133 -217 503 0
-161 -21 510 0
-161 -49 517 0
-161 -77 524 0
-161 -105 531 0
-161 -133 538 0
-161 -189 552 0
-161 -217 559 0
-189 -21 566 0
-189 -49 573 0
-189 -77 580 0
-189 -105 587 0
-189 -133 594 0
-189 -161 601 0
-189 -217 615 0
-217 -21 622 0
-217 -49 629 0
-217 -77 636 0
-217 -105 643 0
-217 -133 650 0
-217 -161 657 0
-217 -189 664 0
-22 -50 237 0
-22 -78 244 0
-22 -106 251 0
-22 -134 258 0
-22 -162 265 0
-22 -190 272 0
-22 -218 279 0
-50 -22 286 0
-50 -78 300 0
-50 -106 307 0
-50 -134 314 0
-50 -162 321 0
-50 -190 328 0
-50 -218 335 0
-78 -22 342 0
-78 -50 349 0
-78 -106 363 0
-78 -134 370 0
-78 -162 377 0
-78 -190 384 0
-78 -218 391 0
-106 -22 398 0
-106 -50 405 0
-106 -78 412 0
-106 -134 426 0
-106 -162 433 0
-106 -190 440 0
-106 -218 447 0
-134 -22 454 0
-134 -50 461 0
-134 -78 468 0
-134 -106 475 0
-134 -162 489 0
-134 -190 496 0
-134 -218 503 0
-162 -22 510 0
-162 -50 517 0
-162 -78 524 0
-162 -106 531 0
-162 -134 538 0
-162 -190 552 0
-162 -218 559 0
-190 -22 566 0
-190 -50 573 0
-190 -78 580 0
-190 -106 587 0
-190 -134 594 0
-190 -162 601 0
-190 -218 615 0
-218 -22 622 0
-218 -50 629 0
-218 -78 636 0
-218 -106 643 0
-218 -134 650 0
-218 -162 657 0
-218 -190 664 0
-23 -51 237 0
-23 -79 244 0
-23 -107 251 0
-23 -135 258 0
-23 -163 265 0
-23 -191 272 0
-23 -219 279 0
-51 -23 286 0
-51 -79 300 0
-51 -107 307 0
-51 -135 314 0
-51 -163 321 0
-51 -191 328 0
-51 -219 335 0
-79 -23 342 0
-79 -51 349 0
-79 -107 363 0
-79 -135 370 0
-79 -163 377 0
-79 -191 384 0
-79 -219 391 0
-107 -23 398 0
-107 -51 405 0
-107 -79 412 0
-107 -135 426 0
-107 -163 433 0
-107 -191 440 0
-107 -219 447 0
-135 -23 454 0
-135 -51 461 0
-135 -79 468 0
-135 -107 475 0
-135 -163 489 0
-135 -191 496 0
-135 -219 503 0
-163 -23 510 0
-163 -51 517 0
-163 -79 524 0
-163 -107 531 0
-163 -135 538 0
-163 -191 552 0
-163 -219 559 0
-191 -23 566 0
-191 -51 573 0
-191 -79 580 0
-191 -107 587 0
-191 -135 594 0
-191 -163 601 0
-191 -219 615 0
-219 -23 622 0
-219 -51 629 0
-219 -79 636 0
-219 -107 643 0
-219 -135 650 0
-219 -163 657 0
-219 -191 664 0
-24 -52 237 0
-24 -80 244 0
-24 -108 251 0
-24 -136 258 0
-24 -164 265 0
-24 -192 272 0
-24 -220 279 0
-52 -24 286 0
-52 -80 300 0
-52 -108 307 0
-52 -136 314 0
-52 -164 321 0
-52 -192 328 0
-52 -220 335 0
-80 -24 342 0
-80 -52 349 0
-80 -108 363 0
-80 -136 370 0
-80 -164 377 0
-80 -192 384 0
-80 -220 391 0
-108 -24 398 0
-108 -52 405 0
-108 -80 412 0
-108 -136 426 0
-108 -164 433 0
-108 -192 440 0
-108 -220 447 0
-136 -24 454 0
-136 -52 461 0
-136 -80 468 0
-136 -108 475 0
-136 -164 489 0
-136 -192 496 0
-136 -220 503 0
-164 -24 510 0
-164 -52 517 0
-164 -80 524 0
-164 -108 531 0
-164 -136 538 0
-164 -192 552 0
-164 -220 559 0
-192 -24 566 0
-192 -52 573 0
-192 -80 580 0
-192 -108 587 0
-192 -136 594 0
-192 -164 601 0
-192 -220 615 0
-220 -24 622 0
-220 -52 629 0
-220 -80 636 0
-220 -108 643 0
-220 -136 650 0
-220 -164 657 0
-220 -192 664 0
-25 -53 238 0
-25 -81 245 0
-25 -109 252 0
-25 -137 259 0
-25 -165 266 0
-25 -193 273 0
-25 -221 280 0
-53 -25 287 0
-53 -81 301 0
-53 -109 308 0
-53 -137 315 0
-53 -165 322 0
-53 -193 329 0
-53 -221 336 0
-81 -25 343 0
-81 -53 350 0
-81 -109 364 0
-81 -137 371 0
-81 -165 378 0
-81 -193 385 0
-81 -221 392 0
-109 -25 399 0
-109 -53 406 0
-109 -81 413 0
-109 -137 427 0
-109 -165 434 0
-109 -193 441 0
-109 -221 448 0
-137 -25 455 0
-137 -53 462 0
-137 -81 469 0
-137 -109 476 0
-137 -165 490 0
-137 -193 497 0
-137 -221 504 0
-165 -25 511 0
-165 -53 518 0
-165 -81 525 0
-165 -109 532 0
-165 -137 539 0
-165 -193 553 0
-165 -221 560 0
-193 -25 567 0
-193 -53 574 0
-193 -81 581 0
-193 -109 588 0
-193 -137 595 0
-193 -165 602 0
-193 -221 616 0
-221 -25 623 0
-221 -53 630 0
-221 -81 637 0
-221 -109 644 0
-221 -137 651 0
-221 -165 658 0
-221 -193 665 0
-26 -54 238 0
-26 -82 245 0
-26 -110 252 0
-26 -138 259 0
-26 -166 266 0
-26 -194 273 0
-26 -222 280 0
-54 -26 287 0
-54 -82 301 0
-54 -110 308 0
-54 -138 315 0
-54 -166 322 0
-54 -194 329 0
-54 -222 336 0
-82 -26 343 0
-82 -54 350 0
-82 -110 364 0
-82 -138 371 0
-82 -166 378 0
-82 -194 385 0
-82 -222 392 0
-110 -26 399 0
-110 -54 406 0
-110 -82 413 0
-110 -138 427 0
-110 -166 434 0
-110 -194 441 0
-110 -222 448 0
-138 -26 455 0
-138 -54 462 0
-138 -82 469 0
-138 -110 476 0
-138 -166 490 0
-138 -194 497 0
-138 -222 504 0
-166 -26 511 0
-166 -54 518 0
-166 -82 525 0
-166 -110 532 0
-166 -138 539 0
-166 -194 553 0
-166 -222 560 0
-194 -26 567 0
-194 -54 574 0
-194 -82 581 0
-194 -110 588 0
-194 -138 595 0
-194 -166 602 0
-194 -222 616 0
-222 -26 623 0
-222 -54 630 0
-222 -82 637 0
-222 -110 644 0
-222 -138 651 0
-222 -166 658 0
-222 -194 665 0
-27 -55 238 0
-27 -83 245 0
-27 -111 252 0
-27 -139 259 0
-27 -167 266 0
-27 -195 273 0
-27 -223 280 0
-55 -27 287 0
-55 -83 301 0
-55 -111 308 0
-55 -139 315 0
-55 -167 322 0
-55 -195 329 0
-55 -223 336 0
-83 -27 343 0
-83 -55 350 0
-83 -111 364 0
-83 -139 371 0
-83 -167 378 0
-83 -195 385 0
-83 -223 392 0
-111 -27 399 0
-111 -55 406 0
-111 -83 413 0
-111 -139 427 0
-111 -167 434 0
-111 -195 441 0
-111 -223 448 0
-139 -27 455 0
-139 -55 462 0
-139 -83 469 0
-139 -111 476 0
-139 -167 490 0
-139 -195 497 0
-139 -223 504 0
-167 -27 511 0
-167 -55 518 0
-167 -83 525 0
-167 -111 532 0
-167 -139 539 0
-167 -195 553 0
-167 -223 560 0
-195 -27 567 0
-195 -55 574 0
-195 -83 581 0
-195 -111 588 0
-195 -139 595 0
-195 -167 602 0
-195 -223 616 0
-223 -27 623 0
-223 -55 630 0
-223 -83 637 0
-223 -111 644 0
-223 -139 651 0
-223 -167 658 0
-223 -195 665 0
-28 -56 238 0
-28 -84 245 0
-28 -112 252 0
-28 -140 259 0
-28 -168 266 0
-28 -196 273 0
-28 -224 280 0
-56 -28 287 0
-56 -84 301 0
-56 -112 308 0
-56 -140 315 0
-56 -168 322 0
-56 -196 329 0
-56 -224 336 0
-84 -28 343 0
-84 -56 350 0
-84 -112 364 0
-84 -140 371 0
-84 -168 378 0
-84 -196 385 0
-84 -224 392 0
-112 -28 399 0
-112 -56 406 0
-112 -84 413 0
-112 -140 427 0
-112 -168 434 0
-112 -196 441 0
-112 -224 448 0
-140 -28 455 0
-140 -56 462 0
-140 -84 469 0
-140 -112 476 0
-140 -168 490 0
-140 -196 497 0
-140 -224 504 0
-168 -28 511 0
-168 -56 518 0
-168 -84 525 0
-168 -112 532 0
-168 -140 539 0
-168 -196 553 0
-168 -224 560 0
-196 -28 567 0
-196 -56 574 0
-196 -84 581 0
-196 -112 588 0
-196 -140 595 0
-196 -168 602 0
-196 -224 616 0
-224 -28 623 0
-224 -56 630 0
-224 -84 637 0
-224 -112 644 0
-224 -140 651 0
-224 -168 658 0
-224 -196 665 0
-1 673 0
-2 674 0
-673 674 0
-2 -673 0
-3 675 0
-674 675 0
-3 -674 0
-4 -675 0
1 676 0
-677 0
-678 0
2 679 0
-676 679 0
2 -676 680 0
-677 680 0
2 -677 681 0
-678 681 0
2 -678 0
3 682 0
-679 682 0
3 -679 683 0
-680 683 0
3 -680 684 0
-681 684 0
3 -681 0
4 -684 0
-29 685 0
-30 686 0
-685 686 0
-30 -685 0
-31 687 0
-686 687 0
-31 -686 0
-32 -687 0
29 688 0
-689 0
-690 0
30 691 0
-688 691 0
30 -688 692 0
-689 692 0
30 -689 693 0
-690 693 0
30 -690 0
31 694 0
-691 694 0
31 -691 695 0
-692 695 0
31 -692 696 0
-693 696 0
31 -693 0
32 -696 0
-57 697 0
-58 698 0
-697 698 0
-58 -697 0
-59 699 0
-698 699 0
-59 -698 0
-60 -699 0
57 700 0
-701 0
-702 0
58 703 0
-700 703 0
58 -700 704 0
-701 704 0
58 -701 705 0
-702 705 0
58 -702 0
59 706 0
-703 706 0
59 -703 707 0
-704 707 0
59 -704 708 0
-705 708 0
59 -705 0
60 -708 0
-85 709 0
-86 710 0
-709 710 0
-86 -709 0
-87 711 0
-710 711 0
-87 -710 0
-88 -711 0
85 712 0
-713 0
-714 0
86 715 0
-712 715 0
86 -712 716 0
-713 716 0
86 -713 717 0
-714 717 0
86 -714 0
87 718 0
-715 718 0
87 -715 719 0
-716 719 0
87 -716 720 0
-717 720 0
87 -717 0
88 -720 0
-113 721 0
-114 722 0
-721 722 0
-114 -721 0
-115 723 0
-722 723 0
-115 -722 0
-116 -723 0
113 724 0
-725 0
-726 0
114 727 0
-724 727 0
114 -724 728 0
-725 728 0
114 -725 729 0
-726 729 0
114 -726 0
115 730 0
-727 730 0
115 -727 731 0
-728 731 0
115 -728 732 0
-729 732 0
115 -729 0
116 -732 0
-141 733 0
-142 734 0
-733 734 0
-142 -733 0
-143 735 0
-734 735 0
-143 -734 0
-144 -735 0
141 736 0
-737 0
-738 0
142 739 0
-736 739 0
142 -736 740 0
-737 740 0
142 -737 741 0
-738 741 0
142 -738 0
143 742 0
-739 742 0
143 -739 743 0
-740 743 0
143 -740 744 0
-741 744 0
143 -741 0
144 -744 0
-169 745 0
-170 746 0
-745 746 0
-170 -745 0
-171 747 0
-746 747 0
-171 -746 0
-172 -747 0
169 748 0
-749 0
-750 0
170 751 0
-748 751 0
170 -748 752 0
-749 752 0
170 -749 753 0
-750 753 0
170 -750 0
171 754 0
-751 754 0
171 -751 755 0
-752 755 0
171 -752 756 0
-753 756 0
171 -753 0
172 -756 0
-197 757 0
-198 758 0
-757 758 0
-198 -757 0
-199 759 0
-758 759 0
-199 -758 0
-200 -759 0
197 760 0
-761 0
-762 0
198 763 0
-760 763 0
198 -760 764 0
-761 764 0
198 -761 765 0
-762 765 0
198 -762 0
199 766 0
-763 766 0
199 -763 767 0
-764 767 0
199 -764 768 0
-765 768 0
199 -765 0
200 -768 0
-5 769 0
-6 770 0
-769 770 0
-6 -769 0
-7 771 0
-770 771 0
-7 -770 0
-8 -771 0
5 772 0
-773 0
-774 0
6 775 0
-772 775 0
6 -772 776 0
-773 776 0
6 -773 777 0
-774 777 0
6 -774 0
7 778 0
-775 778 0
7 -775 779 0
-776 779 0
7 -776 780 0
-777 780 0
7 -777 0
8 -780 0
-33 781 0
-34 782 0
-781 782 0
-34 -781 0
-35 783 0
-782 783 0
-35 -782 0
-36 -783 0
33 784 0
-785 0
-786 0
34 787 0
-784 787 0
34 -784 788 0
-785 788 0
34 -785 789 0
-786 789 0
34 -786 0
35 790 0
-787 790 0
35 -787 791 0
-788 791 0
35 -788 792 0
-789 792 0
35 -789 0
36 -792 0
-61 793 0
-62 794 0
-793 794 0
-62 -793 0
-63 795 0
-794 795 0
-63 -794 0
-64 -795 0
61 796 0
-797 0
-798 0
62 799 0
-796 799 0
62 -796 800 0
-797 800 0
62 -797 801 0
-798 801 0
62 -798 0
63 802 0
-799 802 0
63 -799 803 0
-800 803 0
63 -800 804 0
-801 804 0
63 -801 0
64 -804 0
-89 805 0
-90 806 0
-805 806 0
-90 -805 0
-91 807 0
-806 807 0
-91 -806 0
-92 -807 0
89 808 0
-809 0
-810 0
90 811 0
-808 811 0
90 -808 812 0
-809 812 0
90 -809 813 0
-810 813 0
90 -810 0
91 814 0
-811 814 0
91 -811 815 0
-812 815 0
91 -812 816 0
-813 816 0
91 -813 0
92 -816 0
-117 817 0
-118 818 0
-817 818 0
-118 -817 0
-119 819 0
-818 819 0
-119 -818 0
-120 -819 0
117 820 0
-821 0
-822 0
118 823 0
-820 823 0
118 -820 824 0
-821 824 0
118 -821 825 0
-822 825 0
118 -822 0
119 826 0
-823 826 0
119 -823 827 0
-824 827 0
119 -824 828 0
-825 828 0
119 -825 0
120 -828 0
-145 829 0
-146 830 0
-829 830 0
-146 -829 0
-147 831 0
-830 831 0
-147 -830 0
-148 -831 0
145 832 0
-833 0
-834 0
146 835 0
-832 835 0
146 -832 836 0
-833 836 0
146 -833 837 0
-834 837 0
146 -834 0
147 838 0
-835 838 0
147 -835 839 0
-836 839 0
147 -836 840 0
-837 840 0
147 -837 0
148 -840 0
-173 841 0
-174 842 0
-841 842 0
-174 -841 0
-175 843 0
-842 843 0
-175 -842 0
-176 -843 0
173 844 0
-845 0
-846 0
174 847 0
-844 847 0
174 -844 848 0
-845 848 0
174 -845 849 0
-846 849 0
174 -846 0
175 850 0
-847 850 0
175 -847 851 0
-848 851 0
175 -848 852 0
-849 852 0
175 -849 0
176 -852 0
-201 853 0
-202 854 0
-853 854 0
-202 -853 0
-203 855 0
-854 855 0
-203 -854 0
-204 -855 0
201 856 0
-857 0
-858 0
202 859 0
-856 859 0
202 -856 860 0
-857 860 0
202 -857 861 0
-858 861 0
202 -858 0
203 862 0
-859 862 0
203 -859 863 0
-860 863 0
203 -860 864 0
-861 864 0
203 -861 0
204 -864 0
-9 865 0
-10 866 0
-865 866 0
-10 -865 0
-11 867 0
-866 867 0
-11 -866 0
-12 -867 0
9 868 0
-869 0
-870 0
10 871 0
-868 871 0
10 -868 872 0
-869 872 0
10 -869 873 0
-870 873 0
10 -870 0
11 874 0
-871 874 0
11 -871 875 0
-872 875 0
11 -872 876 0
-873 876 0
11 -873 0
12 -876 0
-37 877 0
-38 878 0
-877 878 0
-38 -877 0
-39 879 0
-878 879 0
-39 -878 0
-40 -879 0
37 880 0
-881 0
-882 0
38 883 0
-880 883 0
38 -880 884 0
-881 884 0
38 -881 885 0
-882 885 0
38 -882 0
39 886 0
-883 886 0
39 -883 887 0
-884 887 0
39 -884 888 0
-885 888 0
39 -885 0
40 -888 0
-65 889 0
-66 890 0
-889 890 0
-66 -889 0
-67 891 0
-890 891 0
-67 -890 0
-68 -891 0
65 892 0
-893 0
-894 0
66 895 0
-892 895 0
66 -892 896 0
-893 896 0
66 -893 897 0
-894 897 0
66 -894 0
67 898 0
-895 898 0
67 -895 899 0
-896 899 0
67 -896 900 0
-897 900 0
67 -897 0
68 -900 0
-93 901 0
-94 902 0
-901 902 0
-94 -901 0
-95 903 0
-902 903 0
-95 -902 0
-96 -903 0
93 904 0
-905 0
-906 0
94 907 0
-904 907 0
94 -904 908 0
-905 908 0
94 -905 909 0
-906 909 0
94 -906 0
95 910 0
-907 910 0
95 -907 911 0
-908 911 0
95 -908 912 0
-909 912 0
95 -909 0
96 -912 0
-121 913 0
-122 914 0
-913 914 0
-122 -913 0
-123 915 0
-914 915 0
-123 -914 0
-124 -915 0
121 916 0
-917 0
-918 0
122 919 0
-916 919 0
122 -916 920 0
-917 920 0
122 -917 921 0
-918 921 0
122 -918 0
123 922 0
-919 922 0
123 -919 923 0
-920 923 0
123 -920 924 0
-921 924 0
123 -921 0
124 -924 0
-149 925 0
-150 926 0
-925 926 0
-150 -925 0
-151 927 0
-926 927 0
-151 -926 0
-152 -927 0
149 928 0
-929 0
-930 0
150 931 0
-928 931 0
150 -928 932 0
-929 932 0
150 -929 933 0
-930 933 0
150 -930 0
151 934 0
-931 934 0
151 -931 935 0
-932 935 0
151 -932 936 0
-933 936 0
151 -933 0
152 -936 0
-177 937 0
-178 938 0
-937 938 0
-178 -937 0
-179 939 0
-938 939 0
-179 -938 0
-180 -939 0
177 940 0
-941 0
-942 0
178 943 0
-940 943 0
178 -940 944 0
-941 944 0
178 -941 945 0
-942 945 0
178 -942 0
179 946 0
-943 946 0
179 -943 947 0
-944 947 0
179 -944 948 0
-945 948 0
179 -945 0
180 -948 0
-205 949 0
-206 950 0
-949 950 0
-206 -949 0
-207 951 0
-950 951 0
-207 -950 0
-208 -951 0
205 952 0
-953 0
-954 0
206 955 0
-952 955 0
206 -952 956 0
-953 956 0
206 -953 957 0
-954 957 0
206 -954 0
207 958 0
-955 958 0
207 -955 959 0
-956 959 0
207 -956 960 0
-957 960 0
207 -957 0
208 -960 0
-13 961 0
-14 962 0
-961 962 0
-14 -961 0
-15 963 0
-962 963 0
-15 -962 0
-16 -963 0
13 964 0
-965 0
-966 0
14 967 0
-964 967 0
14 -964 968 0
-965 968 0
14 -965 969 0
-966 969 0
14 -966 0
15 970 0
-967 970 0
15 -967 971 0
-968 971 0
15 -968 972 0
-969 972 0
15 -969 0
16 -972 0
-41 973 0
-42 974 0
-973 974 0
-42 -973 0
-43 975 0
-974 975 0
-43 -974 0
-44 -975 0
41 976 0
-977 0
-978 0
42 979 0
-976 979 0
42 -976 980 0
-977 980 0
42 -977 981 0
-978 981 0
42 -978 0
43 982 0
-979 982 0
43 -979 983 0
-980 983 0
43 -980 984 0
-981 984 0
43 -981 0
44 -984 0
-69 985 0
-70 986 0
-985 986 0
-70 -985 0
-71 987 0
-986 987 0
-71 -986 0
-72 -987 0
69 988 0
-989 0
-990 0
70 991 0
-988 991 0
70 -988 992 0
-989 992 0
70 -989 993 0
-990 993 0
70 -990 0
71 994 0
-991 994 0
71 -991 995 0
-992 995 0
71 -992 996 0
-993 996 0
71 -993 0
72 -996 0
-97 997 0
-98 998 0
-997 998 0
-98 -997 0
-99 999 0
-998 999 0
-99 -998 0
-100 -999 0
97 1000 0
-1001 0
-1002 0
98 1003 0
-1000 1003 0
98 -1000 1004 0
-1001 1004 0
98 -1001 1005 0
-1002 1005 0
98 -1002 0
99 1006 0
-1003 1006 0
99 -1003 1007 0
-1004 1007 0
99 -1004 1008 0
-1005 1008 0
99 -1005 0
100 -1008 0
-125 1009 0
-126 1010 0
-1009 1010 0
-126 -1009 0
-127 1011 0
-1010 1011 0
-127 -1010 0
-128 -1011 0
125 1012 0
-1013 0
-1014 0
126 1015 0
-1012 1015 0
126 -1012 1016 0
-1013 1016 0
126 -1013 1017 0
-1014 1017 0
126 -1014 0
127 1018 0
-1015 1018 0
127 -1015 1019 0
-1016 1019 0
127 -1016 1020 0
-1017 1020 0
127 -1017 0
128 -1020 0
-153 1021 0
-154 1022 0
-1021 1022 0
-154 -1021 0
-155 1023 0
-1022 1023 0
-155 -1022 0
-156 -1023 0
153 1024 0
-1025 0
-1026 0
154 1027 0
-1024 1027 0
154 -1024 1028 0
-1025 1028 0
154 -1025 1029 0
-1026 1029 0
154 -1026 0
155 1030 0
-1027 1030 0
155 -1027 1031 0
-1028 1031 0
155 -1028 1032 0
-1029 1032 0
155 -1029 0
156 -1032 0
-181 1033 0
-182 1034 0
-1033 1034 0
-182 -1033 0
-183 1035 0
-1034 1035 0
-183 -1034 0
-184 -1035 0
181 1036 0
-1037 0
-1038 0
182 1039 0
-1036 1039 0
182 -1036 1040 0
-1037 1040 0
182 -1037 1041 0
-1038 1041 0
182 -1038 0
183 1042 0
-1039 1042 0
183 -1039 1043 0
-1040 1043 0
183 -1040 1044 0
-1041 1044 0
183 -1041 0
184 -1044 0
-209 1045 0
-210 1046 0
-1045 1046 0
-210 -1045 0
-211 1047 0
-1046 1047 0
-211 -1046 0
-212 -1047 0
209 1048 0
-1049 0
-1050 0
210 1051 0
-1048 1051 0
210 -1048 1052 0
-1049 1052 0
210 -1049 1053 0
-1050 1053 0
210 -1050 0
211 1054 0
-1051 1054 0
211 -1051 1055 0
-1052 1055 0
211 -1052 1056 0
-1053 1056 0
211 -1053 0
212 -1056 0
-17 1057 0
-18 1058 0
-1057 1058 0
-18 -1057 0
-19 1059 0
-1058 1059 0
-19 -1058 0
-20 -1059 0
17 1060 0
-1061 0
-1062 0
18 1063 0
-1060 1063 0
18 -1060 1064 0
-1061 1064 0
18 -1061 1065 0
-1062 1065 0
18 -1062 0
19 1066 0
-1063 1066 0
19 -1063 1067 0
-1064 1067 0
19 -1064 1068 0
-1065 1068 0
19 -1065 0
20 -1068 0
-45 1069 0
-46 1070 0
-1069 1070 0
-46 -1069 0
-47 1071 0
-1070 1071 0
-47 -1070 0
-48 -1071 0
45 1072 0
-1073 0
-1074 0
46 1075 0
-1072 1075 0
46 -1072 1076 0
-1073 1076 0
46 -1073 1077 0
-1074 1077 0
46 -1074 0
47 1078 0
-1075 1078 0
47 -1075 1079 0
-1076 1079 0
47 -1076 1080 0
-1077 1080 0
47 -1077 0
48 -1080 0
-73 1081 0
-74 1082 0
-1081 1082 0
-74 -1081 0
-75 1083 0
-1082 1083 0
-75 -1082 0
-76 -1083 0
73 1084 0
-1085 0
-1086 0
74 1087 0
-1084 1087 0
74 -1084 1088 0
-1085 1088 0
74 -1085 1089 0
-1086 1089 0
74 -1086 0
75 1090 0
-1087 1090 0
75 -1087 1091 0
-1088 1091 0
75 -1088 1092 0
-1089 1092 0
75 -1089 0
76 -1092 0
-101 1093 0
-102 1094 0
-1093 1094 0
-102 -1093 0
-103 1095 0
-1094 1095 0
-103 -1094 0
-104 -1095 0
101 1096 0
-1097 0
-1098 0
102 1099 0
-1096 1099 0
102 -1096 1100 0
-1097 1100 0
102 -1097 1101 0
-1098 1101 0
102 -1098 0
103 1102 0
-1099 1102 0
103 -1099 1103 0
-1100 1103 0
103 -1100 1104 0
-1101 1104 0
103 -1101 0
104 -1104 0
-129 1105 0
-130 1106 0
-1105 1106 0
-130 -1105 0
-131 1107 0
-1106 1107 0
-131 -1106 0
-132 -1107 0
129 1108 0
-1109 0
-1110 0
130 1111 0
-1108 1111 0
130 -1108 1112 0
-1109 1112 0
130 -1109 1113 0
-1110 1113 0
130 -1110 0
131 1114 0
-1111 1114 0
131 -1111 1115 0
-1112 1115 0
131 -1112 1116 0
-1113 1116 0
131 -1113 0
132 -1116 0
-157 1117 0
-158 1118 0
-1117 1118 0
-158 -1117 0
-159 1119 0
-1118 1119 0
-159 -1118 0
-160 -1119 0
157 1120 0
-1121 0
-1122 0
158 1123 0
-1120 1123 0
158 -1120 1124 0
-1121 1124 0
158 -1121 1125 0
-1122 1125 0
158 -1122 0
159 1126 0
-1123 1126 0
159 -1123 1127 0
-1124 1127 0
159 -1124 1128 0
-1125 1128 0
159 -1125 0
160 -1128 0
-185 1129 0
-186 1130 0
-1129 1130 0
-186 -1129 0
-187 1131 0
-1130 1131 0
-187 -1130 0
-188 -1131 0
185 1132 0
-1133 0
-1134 0
186 1135 0
-1132 1135 0
186 -1132 1136 0
-1133 1136 0
186 -1133 1137 0
-1134 1137 0
186 -1134 0
187 1138 0
-1135 1138 0
187 -1135 1139 0
-1136 1139 0
187 -1136 1140 0
-1137 1140 0
187 -1137 0
188 -1140 0
-213 1141 0
-214 1142 0
-1141 1142 0
-214 -1141 0
-215 1143 0
-1142 1143 0
-215 -1142 0
-216 -1143 0
213 1144 0
-1145 0
-1146 0
214 1147 0
-1144 1147 0
214 -1144 1148 0
-1145 1148 0
214 -1145 1149 0
-1146 1149 0
214 -1146 0
215 1150 0
-1147 1150 0
215 -1147 1151 0
-1148 1151 0
215 -1148 1152 0
-1149 1152 0
215 -1149 0
216 -1152 0
-21 1153 0
-22 1154 0
-1153 1154 0
-22 -1153 0
-23 1155 0
-1154 1155 0
-23 -1154 0
-24 -1155 0
21 1156 0
-1157 0
-1158 0
22 1159 0
-1156 1159 0
22 -1156 1160 0
-1157 1160 0
22 -1157 1161 0
-1158 1161 0
22 -1158 0
23 1162 0
-1159 1162 0
23 -1159 1163 0
-1160 1163 0
23 -1160 1164 0
-1161 1164 0
23 -1161 0
24 -1164 0
-49 1165 0
-50 1166 0
-1165 1166 0
-50 -1165 0
-51 1167 0
-1166 1167 0
-51 -1166 0
-52 -1167 0
49 1168 0
-1169 0
-1170 0
50 1171 0
-1168 1171 0
50 -1168 1172 0
-1169 1172 0
50 -1169 1173 0
-1170 1173 0
50 -1170 0
51 1174 0
-1171 1174 0
51 -1171 1175 0
-1172 1175 0
51 -1172 1176 0
-1173 1176 0
51 -1173 0
52 -1176 0
-77 1177 0
-78 1178 0
-1177 1178 0
-78 -1177 0
-79 1179 0
-1178 1179 0
-79 -1178 0
-80 -1179 0
77 1180 0
-1181 0
-1182 0
78 1183 0
-1180 1183 0
78 -1180 1184 0
-1181 1184 0
78 -1181 1185 0
-1182 1185 0
78 -1182 0
79 1186 0
-1183 1186 0
79 -1183 1187 0
-1184 1187 0
79 -1184 1188 0
-1185 1188 0
79 -1185 0
80 -1188 0
-105 1189 0
-106 1190 0
-1189 1190 0
-106 -1189 0
-107 1191 0
-1190 1191 0
-107 -1190 0
-108 -1191 0
105 1192 0
-1193 0
-1194 0
106 1195 0
-1192 1195 0
106 -1192 1196 0
-1193 1196 0
106 -1193 1197 0
-1194 1197 0
106 -1194 0
107 1198 0
-1195 1198 0
107 -1195 1199 0
-1196 1199 0
107 -1196 1200 0
-1197 1200 0
107 -1197 0
108 -1200 0
-133 1201 0
-134 1202 0
-1201 1202 0
-134 -1201 0
-135 1203 0
-1202 1203 0
-135 -1202 0
-136 -1203 0
133 1204 0
-1205 0
-1206 0
134 1207 0
-1204 1207 0
134 -1204 1208 0
-1205 1208 0
134 -1205 1209 0
-1206 1209 0
134 -1206 0
135 1210 0
-1207 1210 0
135 -1207 1211 0
-1208 1211 0
135 -1208 1212 0
-1209 1212 0
135 -1209 0
136 -1212 0
-161 1213 0
-162 1214 0
-1213 1214 0
-162 -1213 0
-163 1215 0
-1214 1215 0
-163 -1214 0
-164 -1215 0
161 1216 0
-1217 0
-1218 0
162 1219 0
-1216 1219 0
162 -1216 1220 0
-1217 1220 0
162 -1217 1221 0
-1218 1221 0
162 -1218 0
163 1222 0
-1219 1222 0
163 -1219 1223 0
-1220 1223 0
163 -1220 1224 0
-1221 1224 0
163 -1221 0
164 -1224 0
-189 1225 0
-190 1226 0
-1225 1226 0
-190 -1225 0
-191 1227 0
-1226 1227 0
-191 -1226 0
-192 -1227 0
189 1228 0
-1229 0
-1230 0
190 1231 0
-1228 1231 0
190 -1228 1232 0
-1229 1232 0
190 -1229 1233 0
-1230 1233 0
190 -1230 0
191 1234 0
-1231 1234 0
191 -1231 1235 0
-1232 1235 0
191 -1232 1236 0
-1233 1236 0
191 -1233 0
192 -1236 0
-217 1237 0
-218 1238 0
-1237 1238 0
-218 -1237 0
-219 1239 0
-1238 1239 0
-219 -1238 0
-220 -1239 0
217 1240 0
-1241 0
-1242 0
218 1243 0
-1240 1243 0
218 -1240 1244 0
-1241 1244 0
218 -1241 1245 0
-1242 1245 0
218 -1242 0
219 1246 0
-1243 1246 0
219 -1243 1247 0
-1244 1247 0
219 -1244 1248 0
-1245 1248 0
219 -1245 0
220 -1248 0
-25 1249 0
-26 1250 0
-1249 1250 0
-26 -1249 0
-27 1251 0
-1250 1251 0
-27 -1250 0
-28 -1251 0
25 1252 0
-1253 0
-1254 0
26 1255 0
-1252 1255 0
26 -1252 1256 0
-1253 1256 0
26 -1253 1257 0
-1254 1257 0
26 -1254 0
27 1258 0
-1255 1258 0
27 -1255 1259 0
-1256 1259 0
27 -1256 1260 0
-1257 1260 0
27 -1257 0
28 -1260 0
-53 1261 0
-54 1262 0
-1261 1262 0
-54 -1261 0
-55 1263 0
-1262 1263 0
-55 -1262 0
-56 -1263 0
53 1264 0
-1265 0
-1266 0
54 1267 0
-1264 1267 0
54 -1264 1268 0
-1265 1268 0
54 -1265 1269 0
-1266 1269 0
54 -1266 0
55 1270 0
-1267 1270 0
55 -1267 1271 0
-1268 1271 0
55 -1268 1272 0
-1269 1272 0
55 -1269 0
56 -1272 0
-81 1273 0
-82 1274 0
-1273 1274 0
-82 -1273 0
-83 1275 0
-1274 1275 0
-83 -1274 0
-84 -1275 0
81 1276 0
-1277 0
-1278 0
82 1279 0
-1276 1279 0
82 -1276 1280 0
-1277 1280 0
82 -1277 1281 0
-1278 1281 0
82 -1278 0
83 1282 0
-1279 1282 0
83 -1279 1283 0
-1280 1283 0
83 -1280 1284 0
-1281 1284 0
83 -1281 0
84 -1284 0
-109 1285 0
-110 1286 0
-1285 1286 0
-110 -1285 0
-111 1287 0
-1286 1287 0
-111 -1286 0
-112 -1287 0
109 1288 0
-1289 0
-1290 0
110 1291 0
-1288 1291 0
110 -1288 1292 0
-1289 1292 0
110 -1289 1293 0
-1290 1293 0
110 -1290 0
111 1294 0
-1291 1294 0
111 -1291 1295 0
-1292 1295 0
111 -1292 1296 0
-1293 1296 0
111 -1293 0
112 -1296 0
-137 1297 0
-138 1298 0
-1297 1298 0
-138 -1297 0
-139 1299 0
-1298 1299 0
-139 -1298 0
-140 -1299 0
137 1300 0
-1301 0
-1302 0
138 1303 0
-1300 1303 0
138 -1300 1304 0
-1301 1304 0
138 -1301 1305 0
-1302 1305 0
138 -1302 0
139 1306 0
-1303 1306 0
139 -1303 1307 0
-1304 1307 0
139 -1304 1308 0
-1305 1308 0
139 -1305 0
140 -1308 0
-165 1309 0
-166 1310 0
-1309 1310 0
-166 -1309 0
-167 1311 0
-1310 1311 0
-167 -1310 0
-168 -1311 0
165 1312 0
-1313 0
-1314 0
166 1315 0
-1312 1315 0
166 -1312 1316 0
-1313 1316 0
166 -1313 1317 0
-1314 1317 0
166 -1314 0
167 1318 0
-1315 1318 0
167 -1315 1319 0
-1316 1319 0
167 -1316 1320 0
-1317 1320 0
167 -1317 0
168 -1320 0
-193 1321 0
-194 1322 0
-1321 1322 0
-194 -1321 0
-195 1323 0
-1322 1323 0
-195 -1322 0
-196 -1323 0
193 1324 0
-1325 0
-1326 0
194 1327 0
-1324 1327 0
194 -1324 1328 0
-1325 1328 0
194 -1325 1329 0
-1326 1329 0
194 -1326 0
195 1330 0
-1327 1330 0
195 -1327 1331 0
-1328 1331 0
195 -1328 1332 0
-1329 1332 0
195 -1329 0
196 -1332 0
-221 1333 0
-222 1334 0
-1333 1334 0
-222 -1333 0
-223 1335 0
-1334 1335 0
-223 -1334 0
-224 -1335 0
221 1336 0
-1337 0
-1338 0
222 1339 0
-1336 1339 0
222 -1336 1340 0
-1337 1340 0
222 -1337 1341 0
-1338 1341 0
222 -1338 0
223 1342 0
-1339 1342 0
223 -1339 1343 0
-1340 1343 0
223 -1340 1344 0
-1341 1344 0
223 -1341 0
224 -1344 0
-1 1345 0
-1346 0
-29 1347 0
-1345 1347 0
-29 -1345 1348 0
-1346 1348 0
-29 -1346 0
-57 1349 0
-1347 1349 0
-57 -1347 1350 0
-1348 1350 0
-57 -1348 0
-85 1351 0
-1349 1351 0
-85 -1349 1352 0
-1350 1352 0
-85 -1350 0
-113 1353 0
-1351 1353 0
-113 -1351 1354 0
-1352 1354 0
-113 -1352 0
-141 1355 0
-1353 1355 0
-141 -1353 1356 0
-1354 1356 0
-141 -1354 0
-169 1357 0
-1355 1357 0
-169 -1355 1358 0
-1356 1358 0
-169 -1356 0
-197 -1358 0
-2 1359 0
-1360 0
-30 1361 0
-1359 1361 0
-30 -1359 1362 0
-1360 1362 0
-30 -1360 0
-58 1363 0
-1361 1363 0
-58 -1361 1364 0
-1362 1364 0
-58 -1362 0
-86 1365 0
-1363 1365 0
-86 -1363 1366 0
-1364 1366 0
-86 -1364 0
-114 1367 0
-1365 1367 0
-114 -1365 1368 0
-1366 1368 0
-114 -1366 0
-142 1369 0
-1367 1369 0
-142 -1367 1370 0
-1368 1370 0
-142 -1368 0
-170 1371 0
-1369 1371 0
-170 -1369 1372 0
-1370 1372 0
-170 -1370 0
-198 -1372 0
-3 1373 0
-1374 0
-31 1375 0
-1373 1375 0
-31 -1373 1376 0
-1374 1376 0
-31 -1374 0
-59 1377 0
-1375 1377 0
-59 -1375 1378 0
-1376 1378 0
-59 -1376 0
-87 1379 0
-1377 1379 0
-87 -1377 1380 0
-1378 1380 0
-87 -1378 0
-115 1381 0
-1379 1381 0
-115 -1379 1382 0
-1380 1382 0
-115 -1380 0
-143 1383 0
-1381 1383 0
-143 -1381 1384 0
-1382 1384 0
-143 -1382 0
-171 1385 0
-1383 1385 0
-171 -1383 1386 0
-1384 1386 0
-171 -1384 0
-199 -1386 0
-4 1387 0
-1388 0
-32 1389 0
-1387 1389 0
-32 -1387 1390 0
-1388 1390 0
-32 -1388 0
-60 1391 0
-1389 1391 0
-60 -1389 1392 0
-1390 1392 0
-60 -1390 0
-88 1393 0
-1391 1393 0
-88 -1391 1394 0
-1392 1394 0
-88 -1392 0
-116 1395 0
-1393 1395 0
-116 -1393 1396 0
-1394 1396 0
-116 -1394 0
-144 1397 0
-1395 1397 0
-144 -1395 1398 0
-1396 1398 0
-144 -1396 0
-172 1399 0
-1397 1399 0
-172 -1397 1400 0
-1398 1400 0
-172 -1398 0
-200 -1400 0
-5 1401 0
-1402 0
-33 1403 0
-1401 1403 0
-33 -1401 1404 0
-1402 1404 0
-33 -1402 0
-61 1405 0
-1403 1405 0
-61 -1403 1406 0
-1404 1406 0
-61 -1404 0
-89 1407 0
-1405 1407 0
-89 -1405 1408 0
-1406 1408 0
-89 -1406 0
-117 1409 0
-1407 1409 0
-117 -1407 1410 0
-1408 1410 0
-117 -1408 0
-145 1411 0
-1409 1411 0
-145 -1409 1412 0
-1410 1412 0
-145 -1410 0
-173 1413 0
-1411 1413 0
-173 -1411 1414 0
-1412 1414 0
-173 -1412 0
-201 -1414 0
-6 1415 0
-1416 0
-34 1417 0
-1415 1417 0
-34 -1415 1418 0
-1416 1418 0
-34 -1416 0
-62 1419 0
-1417 1419 0
-62 -1417 1420 0
-1418 1420 0
-62 -1418 0
-90 1421 0
-1419 1421 0
-90 -1419 1422 0
-1420 1422 0
-90 -1420 0
-118 1423 0
-1421 1423 0
-118 -1421 1424 0
-1422 1424 0
-118 -1422 0
-146 1425 0
-1423 1425 0
-146 -1423 1426 0
-1424 1426 0
-146 -1424 0
-174 1427 0
-1425 1427 0
-174 -1425 1428 0
-1426 1428 0
-174 -1426 0
-202 -1428 0
-7 1429 0
-1430 0
-35 1431 0
-1429 1431 0
-35 -1429 1432 0
-1430 1432 0
-35 -1430 0
-63 1433 0
-1431 1433 0
-63 -1431 1434 0
-1432 1434 0
-63 -1432 0
-91 1435 0
-1433 1435 0
-91 -1433 1436 0
-1434 1436 0
-91 -1434 0
-119 1437 0
-1435 1437 0
-119 -1435 1438 0
-1436 1438 0
-119 -1436 0
-147 1439 0
-1437 1439 0
-147 -1437 1440 0
-1438 1440 0
-147 -1438 0
-175 1441 0
-1439 1441 0
-175 -1439 1442 0
-1440 1442 0
-175 -1440 0
-203 -1442 0
-8 1443 0
-1444 0
-36 1445 0
-1443 1445 0
-36 -1443 1446 0
-1444 1446 0
-36 -1444 0
-64 1447 0
-1445 1447 0
-64 -1445 1448 0
-1446 1448 0
-64 -1446 0
-92 1449 0
-1447 1449 0
-92 -1447 1450 0
-1448 1450 0
-92 -1448 0
-120 1451 0
-1449 1451 0
-120 -1449 1452 0
-1450 1452 0
-120 -1450 0
-148 1453 0
-1451 1453 0
-148 -1451 1454 0
-1452 1454 0
-148 -1452 0
-176 1455 0
-1453 1455 0
-176 -1453 1456 0
-1454 1456 0
-176 -1454 0
-204 -1456 0
-9 1457 0
-1458 0
-37 1459 0
-1457 1459 0
-37 -1457 1460 0
-1458 1460 0
-37 -1458 0
-65 1461 0
-1459 1461 0
-65 -1459 1462 0
-1460 1462 0
-65 -1460 0
-93 1463 0
-1461 1463 0
-93 -1461 1464 0
-1462 1464 0
-93 -1462 0
-121 1465 0
-1463 1465 0
-121 -1463 1466 0
-1464 1466 0
-121 -1464 0
-149 1467 0
-1465 1467 0
-149 -1465 1468 0
-1466 1468 0
-149 -1466 0
-177 1469 0
-1467 1469 0
-177 -1467 1470 0
-1468 1470 0
-177 -1468 0
-205 -1470 0
-10 1471 0
-1472 0
-38 1473 0
-1471 1473 0
-38 -1471 1474 0
-1472 1474 0
-38 -1472 0
-66 1475 0
-1473 1475 0
-66 -1473 1476 0
-1474 1476 0
-66 -1474 0
-94 1477 0
-1475 1477 0
-94 -1475 1478 0
-1476 1478 0
-94 -1476 0
-122 1479 0
-1477 1479 0
-122 -1477 1480 0
-1478 1480 0
-122 -1478 0
-150 1481 0
-1479 1481 0
-150 -1479 1482 0
-1480 1482 0
-150 -1480 0
-178 1483 0
-1481 1483 0
-178 -1481 1484 0
-1482 1484 0
-178 -1482 0
-206 -1484 0
-11 1485 0
-1486 0
-39 1487 0
-1485 1487 0
-39 -1485 1488 0
-1486 1488 0
-39 -1486 0
-67 1489 0
-1487 1489 0
-67 -1487 1490 0
-1488 1490 0
-67 -1488 0
-95 1491 0
-1489 1491 0
-95 -1489 1492 0
-1490 1492 0
-95 -1490 0
-123 1493 0
-1491 1493 0
-123 -1491 1494 0
-1492 1494 0
-123 -1492 0
-151 1495 0
-1493 1495 0
-151 -1493 1496 0
-1494 1496 0
-151 -1494 0
-179 1497 0
-1495 1497 0
-179 -1495 1498 0
-1496 1498 0
-179 -1496 0
-207 -1498 0
-12 1499 0
-1500 0
-40 1501 0
-1499 1501 0
-40 -1499 1502 0
-1500 1502 0
-40 -1500 0
-68 1503 0
-1501 1503 0
-68 -1501 1504 0
-1502 1504 0
-68 -1502 0
-96 1505 0
-1503 1505 0
-96 -1503 1506 0
-1504 1506 0
-96 -1504 0
-124 1507 0
-1505 1507 0
-124 -1505 1508 0
-1506 1508 0
-124 -1506 0
-152 1509 0
-1507 1509 0
-152 -1507 1510 0
-1508 1510 0
-152 -1508 0
-180 1511 0
-1509 1511 0
-180 -1509 1512 0
-1510 1512 0
-180 -1510 0
-208 -1512 0
-13 1513 0
-1514 0
-41 1515 0
-1513 1515 0
-41 -1513 1516 0
-1514 1516 0
-41 -1514 0
-69 1517 0
-1515 1517 0
-69 -1515 1518 0
-1516 1518 0
-69 -1516 0
-97 1519 0
-1517 1519 0
-97 -1517 1520 0
-1518 1520 0
-97 -1518 0
-125 1521 0
-1519 1521 0
-125 -1519 1522 0
-1520 1522 0
-125 -1520 0
-153 1523 0
-1521 1523 0
-153 -1521 1524 0
-1522 1524 0
-153 -1522 0
-181 1525 0
-1523 1525 0
-181 -1523 1526 0
-1524 1526 0
-181 -1524 0
-209 -1526 0
-14 1527 0
-1528 0
-42 1529 0
-1527 1529 0
-42 -1527 1530 0
-1528 1530 0
-42 -1528 0
-70 1531 0
-1529 1531 0
-70 -1529 1532 0
-1530 1532 0
-70 -1530 0
-98 1533 0
-1531 1533 0
-98 -1531 1534 0
-1532 1534 0
-98 -1532 0
-126 1535 0
-1533 1535 0
-126 -1533 1536 0
-1534 1536 0
-126 -1534 0
-154 1537 0
-1535 1537 0
-154 -1535 1538 0
-1536 1538 0
-154 -1536 0
-182 1539 0
-1537 1539 0
-182 -1537 1540 0
-1538 1540 0
-182 -1538 0
-210 -1540 0
-15 1541 0
-1542 0
-43 1543 0
-1541 1543 0
-43 -1541 1544 0
-1542 1544 0
-43 -1542 0
-71 1545 0
-1543 1545 0
-71 -1543 1546 0
-1544 1546 0
-71 -1544 0
-99 1547 0
-1545 1547 0
-99 -1545 1548 0
-1546 1548 0
-99 -1546 0
-127 1549 0
-1547 1549 0
-127 -1547 1550 0
-1548 1550 0
-127 -1548 0
-155 1551 0
-1549 1551 0
-155 -1549 1552 0
-1550 1552 0
-155 -1550 0
-183 1553 0
-1551 1553 0
-183 -1551 1554 0
-1552 1554 0
-183 -1552 0
-211 -1554 0
-16 1555 0
-1556 0
-44 1557 0
-1555 1557 0
-44 -1555 1558 0
-1556 1558 0
-44 -1556 0
-72 1559 0
-1557 1559 0
-72 -1557 1560 0
-1558 1560 0
-72 -1558 0
-100 1561 0
-1559 1561 0
-100 -1559 1562 0
-1560 1562 0
-100 -1560 0
-128 1563 0
-1561 1563 0
-128 -1561 1564 0
-1562 1564 0
-128 -1562 0
-156 1565 0
-1563 1565 0
-156 -1563 1566 0
-1564 1566 0
-156 -1564 0
-184 1567 0
-1565 1567 0
-184 -1565 1568 0
-1566 1568 0
-184 -1566 0
-212 -1568 0
-17 1569 0
-1570 0
-45 1571 0
-1569 1571 0
-45 -1569 1572 0
-1570 1572 0
-45 -1570 0
-73 1573 0
-1571 1573 0
-73 -1571 1574 0
-1572 1574 0
-73 -1572 0
-101 1575 0
-1573 1575 0
-101 -1573 1576 0
-1574 1576 0
-101 -1574 0
-129 1577 0
-1575 1577 0
-129 -1575 1578 0
-1576 1578 0
-129 -1576 0
-157 1579 0
-1577 1579 0
-157 -1577 1580 0
-1578 1580 0
-157 -1578 0
-185 1581 0
-1579 1581 0
-185 -1579 1582 0
-1580 1582 0
-185 -1580 0
-213 -1582 0
-18 1583 0
-1584 0
-46 1585 0
-1583 1585 0
-46 -1583 1586 0
-1584 1586 0
-46 -1584 0
-74 1587 0
-1585 1587 0
-74 -1585 1588 0
-1586 1588 0
-74 -1586 0
-102 1589 0
-1587 1589 0
-102 -1587 1590 0
-1588 1590 0
-102 -1588 0
-130 1591 0
-1589 1591 0
-130 -1589 1592 0
-1590 1592 0
-130 -1590 0
-158 1593 0
-1591 1593 0
-158 -1591 1594 0
-1592 1594 0
-158 -1592 0
-186 1595 0
-1593 1595 0
-186 -1593 1596 0
-1594 1596 0
-186 -1594 0
-214 -1596 0
-19 1597 0
-1598 0
-47 1599 0
-1597 1599 0
-47 -1597 1600 0
-1598 1600 0
-47 -1598 0
-75 1601 0
-1599 1601 0
-75 -1599 1602 0
-1600 1602 0
-75 -1600 0
-103 1603 0
-1601 1603 0
-103 -1601 1604 0
-1602 1604 0
-103 -1602 0
-131 1605 0
-1603 1605 0
-131 -1603 1606 0
-1604 1606 0
-131 -1604 0
-159 1607 0
-1605 1607 0
-159 -1605 1608 0
-1606 1608 0
-159 -1606 0
-187 1609 0
-1607 1609 0
-187 -1607 1610 0
-1608 1610 0
-187 -1608 0
-215 -1610 0
-20 1611 0
-1612 0
-48 1613 0
-1611 1613 0
-48 -1611 1614 0
-1612 1614 0
-48 -1612 0
-76 1615 0
-1613 1615 0
-76 -1613 1616 0
-1614 1616 0
-76 -1614 0
-104 1617 0
-1615 1617 0
-104 -1615 1618 0
-1616 1618 0
-104 -1616 0
-132 1619 0
-1617 1619 0
-132 -1617 1620 0
-1618 1620 0
-132 -1618 0
-160 1621 0
-1619 1621 0
-160 -1619 1622 0
-1620 1622 0
-160 -1620 0
-188 1623 0
-1621 1623 0
-188 -1621 1624 0
-1622 1624 0
-188 -1622 0
-216 -1624 0
-21 1625 0
-1626 0
-49 1627 0
-1625 1627 0
-49 -1625 1628 0
-1626 1628 0
-49 -1626 0
-77 1629 0
-1627 1629 0
-77 -1627 1630 0
-1628 1630 0
-77 -1628 0
-105 1631 0
-1629 1631 0
-105 -1629 1632 0
-1630 1632 0
-105 -1630 0
-133 1633 0
-1631 1633 0
-133 -1631 1634 0
-1632 1634 0
-133 -1632 0
-161 1635 0
-1633 1635 0
-161 -1633 1636 0
-1634 1636 0
-161 -1634 0
-189 1637 0
-1635 1637 0
-189 -1635 1638 0
-1636 1638 0
-189 -1636 0
-217 -1638 0
-22 1639 0
-1640 0
-50 1641 0
-1639 1641 0
-50 -1639 1642 0
-1640 1642 0
-50 -1640 0
-78 1643 0
-1641 1643 0
-78 -1641 1644 0
-1642 1644 0
-78 -1642 0
-106 1645 0
-1643 1645 0
-106 -1643 1646 0
-1644 1646 0
-106 -1644 0
-134 1647 0
-1645 1647 0
-134 -1645 1648 0
-1646 1648 0
-134 -1646 0
-162 1649 0
-1647 1649 0
-162 -1647 1650 0
-1648 1650 0
-162 -1648 0
-190 1651 0
-1649 1651 0
-190 -1649 1652 0
-1650 1652 0
-190 -1650 0
-218 -1652 0
-23 1653 0
-1654 0
-51 1655 0
-1653 1655 0
-51 -1653 1656 0
-1654 1656 0
-51 -1654 0
-79 1657 0
-1655 1657 0
-79 -1655 1658 0
-1656 1658 0
-79 -1656 0
-107 1659 0
-1657 1659 0
-107 -1657 1660 0
-1658 1660 0
-107 -1658 0
-135 1661 0
-1659 1661 0
-135 -1659 1662 0
-1660 1662 0
-135 -1660 0
-163 1663 0
-1661 1663 0
-163 -1661 1664 0
-1662 1664 0
-163 -1662 0
-191 1665 0
-1663 1665 0
-191 -1663 1666 0
-1664 1666 0
-191 -1664 0
-219 -1666 0
-24 1667 0
-1668 0
-52 1669 0
-1667 1669 0
-52 -1667 1670 0
-1668 1670 0
-52 -1668 0
-80 1671 0
-1669 1671 0
-80 -1669 1672 0
-1670 1672 0
-80 -1670 0
-108 1673 0
-1671 1673 0
-108 -1671 1674 0
-1672 1674 0
-108 -1672 0
-136 1675 0
-1673 1675 0
-136 -1673 1676 0
-1674 1676 0
-136 -1674 0
-164 1677 0
-1675 1677 0
-164 -1675 1678 0
-1676 1678 0
-164 -1676 0
-192 1679 0
-1677 1679 0
-192 -1677 1680 0
-1678 1680 0
-192 -1678 0
-220 -1680 0
-25 1681 0
-1682 0
-53 1683 0
-1681 1683 0
-53 -1681 1684 0
-1682 1684 0
-53 -1682 0
-81 1685 0
-1683 1685 0
-81 -1683 1686 0
-1684 1686 0
-81 -1684 0
-109 1687 0
-1685 1687 0
-109 -1685 1688 0
-1686 1688 0
-109 -1686 0
-137 1689 0
-1687 1689 0
-137 -1687 1690 0
-1688 1690 0
-137 -1688 0
-165 1691 0
-1689 1691 0
-165 -1689 1692 0
-1690 1692 0
-165 -1690 0
-193 1693 0
-1691 1693 0
-193 -1691 1694 0
-1692 1694 0
-193 -1692 0
-221 -1694 0
-26 1695 0
-1696 0
-54 1697 0
-1695 1697 0
-54 -1695 1698 0
-1696 1698 0
-54 -1696 0
-82 1699 0
-1697 1699 0
-82 -1697 1700 0
-1698 1700 0
-82 -1698 0
-110 1701 0
-1699 1701 0
-110 -1699 1702 0
-1700 1702 0
-110 -1700 0
-138 1703 0
-1701 1703 0
-138 -1701 1704 0
-1702 1704 0
-138 -1702 0
-166 1705 0
-1703 1705 0
-166 -1703 1706 0
-1704 1706 0
-166 -1704 0
-194 1707 0
-1705 1707 0
-194 -1705 1708 0
-1706 1708 0
-194 -1706 0
-222 -1708 0
-27 1709 0
-1710 0
-55 1711 0
-1709 1711 0
-55 -1709 1712 0
-1710 1712 0
-55 -1710 0
-83 1713 0
-1711 1713 0
-83 -1711 1714 0
-1712 1714 0
-83 -1712 0
-111 1715 0
-1713 1715 0
-111 -1713 1716 0
-1714 1716 0
-111 -1714 0
-139 1717 0
-1715 1717 0
-139 -1715 1718 0
-1716 1718 0
-139 -1716 0
-167 1719 0
-1717 1719 0
-167 -1717 1720 0
-1718 1720 0
-167 -1718 0
-195 1721 0
-1719 1721 0
-195 -1719 1722 0
-1720 1722 0
-195 -1720 0
-223 -1722 0
-28 1723 0
-1724 0
-56 1725 0
-1723 1725 0
-56 -1723 1726 0
-1724 1726 0
-56 -1724 0
-84 1727 0
-1725 1727 0
-84 -1725 1728 0
-1726 1728 0
-84 -1726 0
-112 1729 0
-1727 1729 0
-112 -1727 1730 0
-1728 1730 0
-112 -1728 0
-140 1731 0
-1729 1731 0
-140 -1729 1732 0
-1730 1732 0
-140 -1730 0
-168 1733 0
-1731 1733 0
-168 -1731 1734 0
-1732 1734 0
-168 -1732 0
-196 1735 0
-1733 1735 0
-196 -1733 1736 0
-1734 1736 0
-196 -1734 0
-224 -1736 0
-232 1737 0
-233 1738 0
-1737 1738 0
-233 -1737 0
-234 1739 0
-1738 1739 0
-234 -1738 0
-235 1740 0
-1739 1740 0
-235 -1739 0
-236 1741 0
-1740 1741 0
-236 -1740 0
-237 1742 0
-1741 1742 0
-237 -1741 0
-238 -1742 0
-239 1743 0
-240 1744 0
-1743 1744 0
-240 -1743 0
-241 1745 0
-1744 1745 0
-241 -1744 0
-242 1746 0
-1745 1746 0
-242 -1745 0
-243 1747 0
-1746 1747 0
-243 -1746 0
-244 1748 0
-1747 1748 0
-244 -1747 0
-245 -1748 0
-246 1749 0
-247 1750 0
-1749 1750 0
-247 -1749 0
-248 1751 0
-1750 1751 0
-248 -1750 0
-249 1752 0
-1751 1752 0
-249 -1751 0
-250 1753 0
-1752 1753 0
-250 -1752 0
-251 1754 0
-1753 1754 0
-251 -1753 0
-252 -1754 0
-253 1755 0
-254 1756 0
-1755 1756 0
-254 -1755 0
-255 1757 0
-1756 1757 0
-255 -1756 0
-256 1758 0
-1757 1758 0
-256 -1757 0
-257 1759 0
-1758 1759 0
-257 -1758 0
-258 1760 0
-1759 1760 0
-258 -1759 0
-259 -1760 0
-260 1761 0
-261 1762 0
-1761 1762 0
-261 -1761 0
-262 1763 0
-1762 1763 0
-262 -1762 0
-263 1764 0
-1763 1764 0
-263 -1763 0
-264 1765 0
-1764 1765 0
-264 -1764 0
-265 1766 0
-1765 1766 0
-265 -1765 0
-266 -1766 0
-267 1767 0
-268 1768 0
-1767 1768 0
-268 -1767 0
-269 1769 0
-1768 1769 0
-269 -1768 0
-270 1770 0
-1769 1770 0
-270 -1769 0
-271 1771 0
-1770 1771 0
-271 -1770 0
-272 1772 0
-1771 1772 0
-272 -1771 0
-273 -1772 0
-274 1773 0
-275 1774 0
-1773 1774 0
-275 -1773 0
-276 1775 0
-1774 1775 0
-276 -1774 0
-277 1776 0
-1775 1776 0
-277 -1775 0
-278 1777 0
-1776 1777 0
-278 -1776 0
-279 1778 0
-1777 1778 0
-279 -1777 0
-280 -1778 0
-281 1779 0
-282 1780 0
-1779 1780 0
-282 -1779 0
-283 1781 0
-1780 1781 0
-283 -1780 0
-284 1782 0
-1781 1782 0
-284 -1781 0
-285 1783 0
-1782 1783 0
-285 -1782 0
-286 1784 0
-1783 1784 0
-286 -1783 0
-287 -1784 0
-295 1785 0
-296 1786 0
-1785 1786 0
-296 -1785 0
-297 1787 0
-1786 1787 0
-297 -1786 0
-298 1788 0
-1787 1788 0
-298 -1787 0
-299 1789 0
-1788 1789 0
-299 -1788 0
-300 1790 0
-1789 1790 0
-300 -1789 0
-301 -1790 0
-302 1791 0
-303 1792 0
-1791 1792 0
-303 -1791 0
-304 1793 0
-1792 1793 0
-304 -1792 0
-305 1794 0
-1793 1794 0
-305 -1793 0
-306 1795 0
-1794 1795 0
-306 -1794 0
-307 1796 0
-1795 1796 0
-307 -1795 0
-308 -1796 0
-309 1797 0
-310 1798 0
-1797 1798 0
-310 -1797 0
-311 1799 0
-1798 1799 0
-311 -1798 0
-312 1800 0
-1799 1800 0
-312 -1799 0
-313 1801 0
-1800 1801 0
-313 -1800 0
-314 1802 0
-1801 1802 0
-314 -1801 0
-315 -1802 0
-316 1803 0
-317 1804 0
-1803 1804 0
-317 -1803 0
-318 1805 0
-1804 1805 0
-318 -1804 0
-319 1806 0
-1805 1806 0
-319 -1805 0
-320 1807 0
-1806 1807 0
-320 -1806 0
-321 1808 0
-1807 1808 0
-321 -1807 0
-322 -1808 0
-323 1809 0
-324 1810 0
-1809 1810 0
-324 -1809 0
-325 1811 0
-1810 1811 0
-325 -1810 0
-326 1812 0
-1811 1812 0
-326 -1811 0
-327 1813 0
-1812 1813 0
-327 -1812 0
-328 1814 0
-1813 1814 0
-328 -1813 0
-329 -1814 0
-330 1815 0
-331 1816 0
-1815 1816 0
-331 -1815 0
-332 1817 0
-1816 1817 0
-332 -1816 0
-333 1818 0
-1817 1818 0
-333 -1817 0
-334 1819 0
-1818 1819 0
-334 -1818 0
-335 1820 0
-1819 1820 0
-335 -1819 0
-336 -1820 0
-337 1821 0
-338 1822 0
-1821 1822 0
-338 -1821 0
-339 1823 0
-1822 1823 0
-339 -1822 0
-340 1824 0
-1823 1824 0
-340 -1823 0
-341 1825 0
-1824 1825 0
-341 -1824 0
-342 1826 0
-1825 1826 0
-342 -1825 0
-343 -1826 0
-344 1827 0
-345 1828 0
-1827 1828 0
-345 -1827 0
-346 1829 0
-1828 1829 0
-346 -1828 0
-347 1830 0
-1829 1830 0
-347 -1829 0
-348 1831 0
-1830 1831 0
-348 -1830 0
-349 1832 0
-1831 1832 0
-349 -1831 0
-350 -1832 0
-358 1833 0
-359 1834 0
-1833 1834 0
-359 -1833 0
-360 1835 0
-1834 1835 0
-360 -1834 0
-361 1836 0
-1835 1836 0
-361 -1835 0
-362 1837 0
-1836 1837 0
-362 -1836 0
-363 1838 0
-1837 1838 0
-363 -1837 0
-364 -1838 0
-365 1839 0
-366 1840 0
-1839 1840 0
-366 -1839 0
-367 1841 0
-1840 1841 0
-367 -1840 0
-368 1842 0
-1841 1842 0
-368 -1841 0
-369 1843 0
-1842 1843 0
-369 -1842 0
-370 1844 0
-1843 1844 0
-370 -1843 0
-371 -1844 0
-372 1845 0
-373 1846 0
-1845 1846 0
-373 -1845 0
-374 1847 0
-1846 1847 0
-374 -1846 0
-375 1848 0
-1847 1848 0
-375 -1847 0
-376 1849 0
-1848 1849 0
-376 -1848 0
-377 1850 0
-1849 1850 0
-377 -1849 0
-378 -1850 0
-379 1851 0
-380 1852 0
-1851 1852 0
-380 -1851 0
-381 1853 0
-1852 1853 0
-381 -1852 0
-382 1854 0
-1853 1854 0
-382 -1853 0
-383 1855 0
-1854 1855 0
-383 -1854 0
-384 1856 0
-1855 1856 0
-384 -1855 0
-385 -1856 0
-386 1857 0
-387 1858 0
-1857 1858 0
-387 -1857 0
-388 1859 0
-1858 1859 0
-388 -1858 0
-389 1860 0
-1859 1860 0
-389 -1859 0
-390 1861 0
-1860 1861 0
-390 -1860 0
-391 1862 0
-1861 1862 0
-391 -1861 0
-392 -1862 0
-393 1863 0
-394 1864 0
-1863 1864 0
-394 -1863 0
-395 1865 0
-1864 1865 0
-395 -1864 0
-396 1866 0
-1865 1866 0
-396 -1865 0
-397 1867 0
-1866 1867 0
-397 -1866 0
-398 1868 0
-1867 1868 0
-398 -1867 0
-399 -1868 0
-400 1869 0
-401 1870 0
-1869 1870 0
-401 -1869 0
-402 1871 0
-1870 1871 0
-402 -1870 0
-403 1872 0
-1871 1872 0
-403 -1871 0
-404 1873 0
-1872 1873 0
-404 -1872 0
-405 1874 0
-1873 1874 0
-405 -1873 0
-406 -1874 0
-407 1875 0
-408 1876 0
-1875 1876 0
-408 -1875 0
-409 1877 0
-1876 1877 0
-409 -1876 0
-410 1878 0
-1877 1878 0
-410 -1877 0
-411 1879 0
-1878 1879 0
-411 -1878 0
-412 1880 0
-1879 1880 0
-412 -1879 0
-413 -1880 0
-421 1881 0
-422 1882 0
-1881 1882 0
-422 -1881 0
-423 1883 0
-1882 1883 0
-423 -1882 0
-424 1884 0
-1883 1884 0
-424 -1883 0
-425 1885 0
-1884 1885 0
-425 -1884 0
-426 1886 0
-1885 1886 0
-426 -1885 0
-427 -1886 0
-428 1887 0
-429 1888 0
-1887 1888 0
-429 -1887 0
-430 1889 0
-1888 1889 0
-430 -1888 0
-431 1890 0
-1889 1890 0
-431 -1889 0
-432 1891 0
-1890 1891 0
-432 -1890 0
-433 1892 0
-1891 1892 0
-433 -1891 0
-434 -1892 0
-435 1893 0
-436 1894 0
-1893 1894 0
-436 -1893 0
-437 1895 0
-1894 1895 0
-437 -1894 0
-438 1896 0
-1895 1896 0
-438 -1895 0
-439 1897 0
-1896 1897 0
-439 -1896 0
-440 1898 0
-1897 1898 0
-440 -1897 0
-441 -1898 0
-442 1899 0
-443 1900 0
-1899 1900 0
-443 -1899 0
-444 1901 0
-1900 1901 0
-444 -1900 0
-445 1902 0
-1901 1902 0
-445 -1901 0
-446 1903 0
-1902 1903 0
-446 -1902 0
-447 1904 0
-1903 1904 0
-447 -1903 0
-448 -1904 0
-449 1905 0
-450 1906 0
-1905 1906 0
-450 -1905 0
-451 1907 0
-1906 1907 0
-451 -1906 0
-452 1908 0
-1907 1908 0
-452 -1907 0
-453 1909 0
-1908 1909 0
-453 -1908 0
-454 1910 0
-1909 1910 0
-454 -1909 0
-455 -1910 0
-456 1911 0
-457 1912 0
-1911 1912 0
-457 -1911 0
-458 1913 0
-1912 1913 0
-458 -1912 0
-459 1914 0
-1913 1914 0
-459 -1913 0
-460 1915 0
-1914 1915 0
-460 -1914 0
-461 1916 0
-1915 1916 0
-461 -1915 0
-462 -1916 0
-463 1917 0
-464 1918 0
-1917 1918 0
-464 -1917 0
-465 1919 0
-1918 1919 0
-465 -1918 0
-466 1920 0
-1919 1920 0
-466 -1919 0
-467 1921 0
-1920 1921 0
-467 -1920 0
-468 1922 0
-1921 1922 0
-468 -1921 0
-469 -1922 0
-470 1923 0
-471 1924 0
-1923 1924 0
-471 -1923 0
-472 1925 0
-1924 1925 0
-472 -1924 0
-473 1926 0
-1925 1926 0
-473 -1925 0
-474 1927 0
-1926 1927 0
-474 -1926 0
-475 1928 0
-1927 1928 0
-475 -1927 0
-476 -1928 0
-484 1929 0
-485 1930 0
-1929 1930 0
-485 -1929 0
-486 1931 0
-1930 1931 0
-486 -1930 0
-487 1932 0
-1931 1932 0
-487 -1931 0
-488 1933 0
-1932 1933 0
-488 -1932 0
-489 1934 0
-1933 1934 0
-489 -1933 0
-490 -1934 0
-491 1935 0
-492 1936 0
-1935 1936 0
-492 -1935 0
-493 1937 0
-1936 1937 0
-493 -1936 0
-494 1938 0
-1937 1938 0
-494 -1937 0
-495 1939 0
-1938 1939 0
-495 -1938 0
-496 1940 0
-1939 1940 0
-496 -1939 0
-497 -1940 0
-498 1941 0
-499 1942 0
-1941 1942 0
-499 -1941 0
-500 1943 0
-1942 1943 0
-500 -1942 0
-501 1944 0
-1943 1944 0
-501 -1943 0
-502 1945 0
-1944 1945 0
-502 -1944 0
-503 1946 0
-1945 1946 0
-503 -1945 0
-504 -1946 0
-505 1947 0
-506 1948 0
-1947 1948 0
-506 -1947 0
-507 1949 0
-1948 1949 0
-507 -1948 0
-508 1950 0
-1949 1950 0
-508 -1949 0
-509 1951 0
-1950 1951 0
-509 -1950 0
-510 1952 0
-1951 1952 0
-510 -1951 0
-511 -1952 0
-512 1953 0
-513 1954 0
-1953 1954 0
-513 -1953 0
-514 1955 0
-1954 1955 0
-514 -1954 0
-515 1956 0
-1955 1956 0
-515 -1955 0
-516 1957 0
-1956 1957 0
-516 -1956 0
-517 1958 0
-1957 1958 0
-517 -1957 0
-518 -1958 0
-519 1959 0
-520 1960 0
-1959 1960 0
-520 -1959 0
-521 1961 0
-1960 1961 0
-521 -1960 0
-522 1962 0
-1961 1962 0
-522 -1961 0
-523 1963 0
-1962 1963 0
-523 -1962 0
-524 1964 0
-1963 1964 0
-524 -1963 0
-525 -1964 0
-526 1965 0
-527 1966 0
-1965 1966 0
-527 -1965 0
-528 1967 0
-1966 1967 0
-528 -1966 0
-529 1968 0
-1967 1968 0
-529 -1967 0
-530 1969 0
-1968 1969 0
-530 -1968 0
-531 1970 0
-1969 1970 0
-531 -1969 0
-532 -1970 0
-533 1971 0
-534 1972 0
-1971 1972 0
-534 -1971 0
-535 1973 0
-1972 1973 0
-535 -1972 0
-536 1974 0
-1973 1974 0
-536 -1973 0
-537 1975 0
-1974 1975 0
-537 -1974 0
-538 1976 0
-1975 1976 0
-538 -1975 0
-539 -1976 0
-547 1977 0
-548 1978 0
-1977 1978 0
-548 -1977 0
-549 1979 0
-1978 1979 0
-549 -1978 0
-550 1980 0
-1979 1980 0
-550 -1979 0
-551 1981 0
-1980 1981 0
-551 -1980 0
-552 1982 0
-1981 1982 0
-552 -1981 0
-553 -1982 0
-554 1983 0
-555 1984 0
-1983 1984 0
-555 -1983 0
-556 1985 0
-1984 1985 0
-556 -1984 0
-557 1986 0
-1985 1986 0
-557 -1985 0
-558 1987 0
-1986 1987 0
-558 -1986 0
-559 1988 0
-1987 1988 0
-559 -1987 0
-560 -1988 0
-561 1989 0
-562 1990 0
-1989 1990 0
-562 -1989 0
-563 1991 0
-1990 1991 0
-563 -1990 0
-564 1992 0
-1991 1992 0
-564 -1991 0
-565 1993 0
-1992 1993 0
-565 -1992 0
-566 1994 0
-1993 1994 0
-566 -1993 0
-567 -1994 0
-568 1995 0
-569 1996 0
-1995 1996 0
-569 -1995 0
-570 1997 0
-1996 1997 0
-570 -1996 0
-571 1998 0
-1997 1998 0
-571 -1997 0
-572 1999 0
-1998 1999 0
-572 -1998 0
-573 2000 0
-1999 2000 0
-573 -1999 0
-574 -2000 0
-575 2001 0
-576 2002 0
-2001 2002 0
-576 -2001 0
-577 2003 0
-2002 2003 0
-577 -2002 0
-578 2004 0
-2003 2004 0
-578 -2003 0
-579 2005 0
-2004 2005 0
-579 -2004 0
-580 2006 0
-2005 2006 0
-580 -2005 0
-581 -2006 0
-582 2007 0
-583 2008 0
-2007 2008 0
-583 -2007 0
-584 2009 0
-2008 2009 0
-584 -2008 0
-585 2010 0
-2009 2010 0
-585 -2009 0
-586 2011 0
-2010 2011 0
-586 -2010 0
-587 2012 0
-2011 2012 0
-587 -2011 0
-588 -2012 0
-589 2013 0
-590 2014 0
-2013 2014 0
-590 -2013 0
-591 2015 0
-2014 2015 0
-591 -2014 0
-592 2016 0
-2015 2016 0
-592 -2015 0
-593 2017 0
-2016 2017 0
-593 -2016 0
-594 2018 0
-2017 2018 0
-594 -2017 0
-595 -2018 0
-596 2019 0
-597 2020 0
-2019 2020 0
-597 -2019 0
-598 2021 0
-2020 2021 0
-598 -2020 0
-599 2022 0
-2021 2022 0
-599 -2021 0
-600 2023 0
-2022 2023 0
-600 -2022 0
-601 2024 0
-2023 2024 0
-601 -2023 0
-602 -2024 0
-610 2025 0
-611 2026 0
-2025 2026 0
-611 -2025 0
-612 2027 0
-2026 2027 0
-612 -2026 0
-613 2028 0
-2027 2028 0
-613 -2027 0
-614 2029 0
-2028 2029 0
-614 -2028 0
-615 2030 0
-2029 2030 0
-615 -2029 0
-616 -2030 0
-617 2031 0
-618 2032 0
-2031 2032 0
-618 -2031 0
-619 2033 0
-2032 2033 0
-619 -2032 0
-620 2034 0
-2033 2034 0
-620 -2033 0
-621 2035 0
-2034 2035 0
-621 -2034 0
-622 2036 0
-2035 2036 0
-622 -2035 0
-623 -2036 0
-624 2037 0
-625 2038 0
-2037 2038 0
-625 -2037 0
-626 2039 0
-2038 2039 0
-626 -2038 0
-627 2040 0
-2039 2040 0
-627 -2039 0
-628 2041 0
-2040 2041 0
-628 -2040 0
-629 2042 0
-2041 2042 0
-629 -2041 0
-630 -2042 0
-631 2043 0
-632 2044 0
-2043 2044 0
-632 -2043 0
-633 2045 0
-2044 2045 0
-633 -2044 0
-634 2046 0
-2045 2046 0
-634 -2045 0
-635 2047 0
-2046 2047 0
-635 -2046 0
-636 2048 0
-2047 2048 0
-636 -2047 0
-637 -2048 0
-638 2049 0
-639 2050 0
-2049 2050 0
-639 -2049 0
-640 2051 0
-2050 2051 0
-640 -2050 0
-641 2052 0
-2051 2052 0
-641 -2051 0
-642 2053 0
-2052 2053 0
-642 -2052 0
-643 2054 0
-2053 2054 0
-643 -2053 0
-644 -2054 0
-645 2055 0
-646 2056 0
-2055 2056 0
-646 -2055 0
-647 2057 0
-2056 2057 0
-647 -2056 0
-648 2058 0
-2057 2058 0
-648 -2057 0
-649 2059 0
-2058 2059 0
-649 -2058 0
-650 2060 0
-2059 2060 0
-650 -2059 0
-651 -2060 0
-652 2061 0
-653 2062 0
-2061 2062 0
-653 -2061 0
-654 2063 0
-2062 2063 0
-654 -2062 0
-655 2064 0
-2063 2064 0
-655 -2063 0
-656 2065 0
-2064 2065 0
-656 -2064 0
-657 2066 0
-2065 2066 0
-657 -2065 0
-658 -2066 0
-659 2067 0
-660 2068 0
-2067 2068 0
-660 -2067 0
-661 2069 0
-2068 2069 0
-661 -2068 0
-662 2070 0
-2069 2070 0
-662 -2069 0
-663 2071 0
-2070 2071 0
-663 -2070 0
-664 2072 0
-2071 2072 0
-664 -2071 0
-665 -2072 0
